P
0.00
-10.23
-23.70
-34.17
-41.71
-45.53
-48.67
-49.86
-51.13
-52.84
-53.16
-53.70
-53.99
-53.90
-53.96
-53.93
-54.01
-54.25
-54.24
-54.65
-54.48
-54.32
-54.72
-54.37
-54.62
-54.38
-54.09
-54.46
-55.09
-54.38
-54.17
-54.64
-54.68
-54.97
-54.53
-55.05
-54.36
-54.24
-53.95
-53.96
-54.14
-54.36
-54.56
-54.56
-54.88
-55.35
-55.31
-54.84
-54.53
-55.17
-54.83
-55.01
-55.44
-54.88
-54.22
-54.32
-54.33
-54.71
-54.64
-55.06
-54.43
-54.27
-54.07
-54.43
-54.50
-54.37
-54.69
-54.34
-54.34
-54.55
-54.62
-55.07
-55.54
-55.25
-55.11
-55.03
-54.78
-54.70
-54.78
-54.90
-54.50
-55.01
-55.12
-54.92
-54.93
-55.26
-55.09
-55.50
-55.81
-56.30
-55.94
-55.52
-55.48
-55.53
-55.29
-55.15
-55.04
-54.87
-54.80
-54.79
-54.50
-54.63
-54.84
-55.10
-55.33
-54.96
-55.33
-54.85
-54.58
-54.73
-54.60
-54.47
-54.92
-54.92
-54.73
-54.98
-55.56
-54.87
-54.20
-54.05
-54.14
-54.52
-54.72
-54.48
-54.49
-54.12
-53.81
-54.29
-54.46
-54.55
-54.67
-54.75
-55.26
-55.75
-55.59
-55.62
-55.80
-55.60
-55.75
-56.33
-56.01
-56.29
-56.70
-56.61
-56.33
-55.86
-56.33
-56.36
-56.46
-56.53
-55.81
-55.73
-55.66
-55.82
-55.71
-55.57
-55.61
-55.70
-55.95
-55.69
-55.50
-55.57
-55.83
-55.65
-55.97
-56.41
-55.67
-55.79
-56.00
-55.96
-55.70
-55.67
-55.78
-55.76
-55.73
-55.79
-56.29
-56.38
-56.51
-56.69
-56.03
-56.31
-56.25
-55.81
-55.76
-55.88
-56.15
-56.10
-55.69
-55.04
-55.54
-55.31
-55.10
-55.23
-55.40
-55.39
-55.05
-55.63
-55.42
-55.42
-55.59
-55.77
-55.67
-55.71
-55.98
-55.38
-55.53
-55.94
-55.47
-56.19
-56.21
-56.00
-55.71
-55.21
-55.33
-54.89
-55.62
-55.36
-55.70
-55.11
-55.18
-55.34
-54.92
-55.03
-55.50
-55.67
-55.27
-55.36
-55.23
-54.77
-54.34
-53.95
-54.53
-54.78
-55.34
-55.29
-55.07
-55.39
-55.50
-55.44
-55.72
-55.52
-55.60
-55.83
-55.30
-55.52
-55.51
-55.36
-54.95
-55.52
-55.75
-55.65
-55.43
-55.21
-55.56
-55.98
-56.06
-55.79
-55.56
-55.44
-55.87
-56.16
-56.11
-55.96
-55.93
-56.10
-55.80
-56.01
-55.95
-56.28
-55.99
-56.24
-56.91
-56.90
-56.67
-56.27
-55.79
-55.86
-55.99
-55.42
-55.10
-55.09
-55.45
-55.17
-55.22
-55.50
-56.09
-56.06
-55.49
-55.95
-56.35
-56.69
-56.26
-55.95
-55.79
-56.14
-55.79
-55.46
-55.90
-56.08
-55.86
-55.80
-56.06
-55.86
-56.01
-55.54
-55.63
-55.73
-55.61
-55.52
-55.28
-55.54
-55.93
-56.32
-55.97
-55.75
-55.84
-56.10
-56.23
-56.42
-56.01
-55.98
-56.13
-55.99
-56.03
-56.20
-55.62
-56.05
-56.22
-56.28
-56.78
-56.74
-56.44
-56.54
-57.15
-57.18
-56.22
-56.04
-56.27
-56.27
-55.80
-56.39
-56.92
-57.56
-57.51
-57.30
-56.92
-56.90
-57.30
-56.83
-56.45
-56.62
-56.79
-56.91
-57.25
-57.19
-57.10
-57.37
-57.01
-57.63
-57.52
-57.22
-56.70
-56.77
-56.33
-56.24
-56.36
-55.55
-55.38
-55.83
-55.92
-55.51
-55.35
-55.70
-55.81
-55.92
-55.34
-55.19
-54.99
-55.14
-54.04
-53.23
-52.84
-53.53
-53.96
-55.07
-55.10
-54.86
-54.97
-55.08
-55.21
-55.51
-56.25
-57.08
-56.09
-56.03
-56.86
-57.31
-57.83
-57.24
-57.77
-58.02
-57.98
-57.81
-58.74
-58.35
-58.29
-58.43
-57.89
-58.03
-58.13
-58.19
-58.73
-58.39
-57.92
-58.30
-58.40
-58.12
-57.95
-58.40
-58.63
-58.87
-59.13
-58.77
-58.65
-58.16
-58.29
-57.96
-58.05
-58.46
-58.15
-57.93
-58.24
-57.96
-57.65
-57.57
-57.67
-57.46
-57.14
-57.29
-57.82
-57.87
-57.98
-57.53
-57.59
-57.33
-57.22
-57.20
-57.21
-57.90
-57.18
-57.19
-57.34
-57.34
-57.16
-57.20
-57.14
-57.17
-57.26
-57.59
-57.31
-57.46
-56.88
-56.59
-56.35
-57.19
-57.24
-57.47
-57.72
-57.88
-57.23
-56.61
-57.10
-56.83
-56.74
-57.00
-57.08
-57.05
-57.40
-57.13
-56.86
-57.14
-57.02
-56.73
-56.68
-56.30
-56.29
-56.37
-56.03
-56.02
-56.29
-56.59
-56.93
-56.91
-56.63
-56.67
-56.70
-56.37
-56.20
-56.04
-56.65
-56.29
-56.33
-56.28
-56.63
-56.27
-56.32
-56.20
-55.64
-55.92
-55.76
-56.08
-56.42
-56.30
-56.79
-56.79
-56.81
-57.32
-56.89
-56.87
-56.87
-56.57
-56.40
-56.45
-56.63
-56.83
-56.60
-56.60
-56.79
-56.42
-55.90
-56.48
-56.45
-56.48
-56.22
-56.52
-56.12
-56.43
-56.42
-56.06
-56.01
-56.05
-56.23
-56.67
-56.04
-56.27
-56.17
-55.92
-55.83
-56.34
-56.24
-56.63
-56.17
-56.06
-55.69
-56.04
-56.43
-56.59
-56.38
-56.79
-56.24
-56.77
-56.91
-56.61
-56.72
-56.51
-55.90
-55.66
-55.35
-55.27
-55.78
-56.03
-56.01
-55.94
-55.89
-55.67
-56.23
-56.29
-56.71
-56.61
-56.70
-55.98
-56.14
-55.69
-55.99
-56.10
-56.08
-55.91
-55.88
-55.95
-56.20
-56.38
-56.77
-56.92
-56.68
-56.46
-56.35
-56.42
-56.38
-56.49
-56.14
-56.21
-56.84
-56.35
-56.08
-55.89
-55.96
-56.45
-56.55
-56.33
-56.57
-56.78
-56.82
-56.50
-56.67
-56.31
-56.50
-56.26
-56.35
-56.45
-56.79
-56.64
-56.85
-56.66
-56.44
-56.07
-56.55
-56.65
-56.35
-56.40
-56.41
-56.52
-56.71
-56.94
-57.15
-57.00
-56.93
-56.79
-57.18
-57.44
-57.22
-56.80
-56.51
-56.12
-56.30
-56.67
-56.25
-56.59
-56.89
-56.87
-56.48
-56.17
-56.13
-56.32
-56.15
-56.55
-56.36
-56.68
-56.82
-56.57
-56.54
-56.14
-56.07
-56.42
-56.76
-56.22
-55.97
-55.67
-55.72
-56.26
-55.88
-55.70
-56.09
-56.06
-56.16
-56.31
-56.16
-56.04
-55.78
-55.20
-55.00
-55.56
-55.50
-55.23
-55.54
-55.74
-55.91
-56.36
-56.56
-56.77
-56.14
-55.92
-55.05
-54.94
-54.57
-55.07
-54.67
-54.39
-54.87
-54.77
-55.21
-56.40
-56.33
-56.01
-56.20
-56.20
-55.99
-55.50
-55.92
-55.79
-55.64
-55.84
-55.96
-56.00
-55.94
-55.67
-55.49
-55.51
-55.39
-55.87
-56.24
-56.61
-56.44
-56.70
-56.33
-56.56
-56.60
-56.73
-56.08
-56.51
-56.05
-55.82
-55.93
-56.32
-56.52
-56.41
-56.34
-57.07
-56.88
-56.19
-56.24
-55.71
-55.90
-56.26
-55.96
-55.66
-55.58
-55.37
-55.49
-55.41
-55.46
-55.66
-56.03
-56.33
-56.56
-56.75
-56.09
-55.81
-55.77
-56.17
-56.53
-56.11
-56.24
-56.52
-56.68
-56.70
-56.80
-56.28
-56.56
-57.04
-56.60
-57.06
-57.31
-57.37
-57.55
-57.52
-57.45
-56.70
-56.97
-56.90
-57.06
-57.27
-57.49
-56.69
-56.33
-56.09
-56.02
-55.87
-56.35
-56.77
-57.06
-57.19
-57.40
-57.43
-57.63
-57.72
-57.34
-57.22
-57.12
-56.64
-56.86
-57.20
-56.82
-56.69
-55.99
-55.95
-56.61
-56.71
-57.21
-57.13
-57.53
-58.16
-56.87
-56.94
-57.37
-57.24
-57.52
-57.89
-57.98
-57.73
-58.37
-58.36
-58.01
-57.84
-58.00
-57.98
-57.88
-57.41
-57.72
-57.98
-57.88
-57.91
-58.06
-58.25
-58.24
-58.59
-58.21
-58.01
-57.90
-57.97
-57.99
-57.81
-58.11
-57.88
-58.11
-58.16
-57.66
-58.01
-58.07
-57.64
-58.13
-58.19
-57.93
-58.42
-57.90
-58.34
-58.25
-57.38
-57.52
-57.28
-57.59
-58.08
-57.68
-57.66
-57.89
-58.00
-58.13
-57.55
-57.99
-58.31
-58.50
-58.30
-58.35
-58.41
-58.04
-57.97
-57.96
-57.62
-57.34
-57.46
-57.55
-57.20
-57.02
-56.12
-55.91
-56.27
-57.16
-57.55
-57.84
-57.81
-58.37
-58.02
-58.56
-58.57
-59.08
-58.96
-59.15
-59.72
-59.14
-59.17
-59.51
-58.93
-58.78
-58.35
-59.19
-59.51
-60.05
-60.06
-59.67
-59.38
-59.37
-59.08
-59.14
-59.16
-59.07
-59.47
-59.76
-59.60
-59.56
-59.40
-59.11
-59.59
-58.98
-59.60
-59.25
-58.99
-59.37
-59.33
-59.06
-58.86
-58.58
-58.62
-58.71
-58.81
-59.07
-58.95
-58.51
-59.29
-59.15
-59.00
-58.97
-58.12
-58.69
-58.11
-58.08
-58.03
-58.38
-58.71
-58.85
-58.46
-58.38
-58.44
-58.16
-58.10
-58.09
-58.08
-57.91
-58.49
-58.11
-57.93
-57.73
-58.30
-58.08
-58.46
-58.23
-58.18
-58.16
-58.41
-58.24
-58.71
-58.65
-58.79
-58.85
-58.29
-57.91
-57.42
-57.60
-58.04
-57.75
-57.71
-57.83
-57.88
-58.21
-58.34
-58.05
-58.56
-58.52
-58.90
-58.34
-58.61
-58.28
-58.70
-58.66
-58.16
-58.26
-58.17
-58.00
-58.23
-58.03
-58.40
-58.68
-58.42
-57.92
-58.65
-58.56
-58.52
-58.63
-58.58
-58.58
-58.21
-57.72
-58.01
-58.34
-58.92
-58.52
-58.61
-58.62
-58.64
-58.94
-59.00
-58.71
-58.74
-58.68
-58.85
-58.24
-58.13
-58.06
-58.72
-58.46
-58.68
-58.71
-58.66
-58.92
-58.82
-58.60
-58.70
-58.62
-58.37
-58.32
-58.17
-58.94
-58.69
-58.11
-57.96
-58.05
-57.66
-57.21
-56.71
-56.38
-56.72
-57.07
-56.95
-56.87
-57.15
-57.31
-56.63
-56.81
-57.23
-57.69
-58.18
-57.82
-57.35
-58.12
-58.97
-59.26
-59.18
-58.85
-59.13
-59.17
-59.09
-59.48
-58.95
-58.62
-58.49
-58.06
-57.84
-58.05
-58.81
-58.57
-58.32
-58.59
-58.40
-57.72
-57.89
-58.09
-57.83
-57.81
-58.01
-57.95
-58.01
-57.26
-57.29
-57.24
-57.65
-59.36
-60.18
-59.82
-60.11
-60.44
-56.99
-53.79
-53.10
-56.01
-55.05
-54.60
-57.17
-58.91
-60.22
-60.37
-61.18
-61.30
-60.79
-61.25
-61.43
-61.44
-62.03
-61.67
-62.01
-62.63
-62.22
-62.27
-62.09
-61.70
-62.19
-62.27
-62.57
-62.60
-63.16
-63.50
-63.44
-63.28
-63.69
-63.47
-63.49
-62.82
-62.76
-61.64
-60.76
-60.61
-60.84
-60.58
-60.77
-60.41
-60.67
-60.92
-61.05
-61.05
-61.80
-62.75
-63.23
-63.04
-63.23
-63.41
-63.03
-63.13
-63.81
-63.95
-60.99
-61.94
-62.55
-63.26
-63.76
-64.43
-64.62
-64.15
-64.07
-64.15
-63.93
-64.10
-63.84
-64.10
-64.05
-64.24
-64.02
-63.74
-63.52
-63.20
-63.20
-63.16
-63.08
-63.42
-63.60
-63.20
-60.85
-62.17
-61.47
-61.01
-61.38
-61.37
-61.54
-60.72
-60.60
-61.25
-61.13
-61.14
-60.86
-60.42
-59.28
-59.03
-60.16
-60.30
-60.77
-60.58
-60.64
-61.64
-62.09
-61.54
-60.89
-61.22
-60.54
-60.73
-60.56
-60.72
-60.52
-60.03
-59.77
-59.87
-60.09
-60.30
-60.50
-61.07
-60.80
-60.54
-60.09
-60.45
-60.39
-60.76
-60.69
-61.29
-61.59
-62.12
-61.66
-61.48
-61.58
-61.84
-61.32
-61.30
-61.34
-60.29
-60.73
-61.13
-61.09
-61.60
-61.89
-61.64
-60.91
-61.11
-60.86
-61.09
-61.01
-61.30
-61.28
-61.60
-61.42
-61.05
-61.26
-60.91
-60.71
-61.15
-61.30
-61.38
-60.28
-60.19
-60.63
-60.92
-60.91
-60.49
-61.00
-61.31
-60.69
-60.47
-60.35
-61.02
-61.07
-61.47
-61.30
-61.68
-62.30
-61.93
-61.04
-60.70
-60.89
-60.96
-61.44
-61.31
-61.69
-61.98
-62.03
-62.26
-61.74
-61.40
-62.17
-62.01
-61.86
-61.95
-61.77
-62.45
-62.21
-62.20
-62.40
-62.48
-62.38
-61.92
-62.12
-61.90
-61.88
-62.25
-61.79
-62.35
-62.43
-62.12
-61.89
-61.10
-59.19
-56.56
-53.79
-48.21
-43.80
-38.05
-32.23
-25.24
-20.98
-14.79
-13.68
-12.84
-8.32
-4.02
-4.30
2.26
3.44
7.99
7.29
8.12
9.53
11.33
16.38
19.15
21.89
20.02
23.44
26.05
25.37
28.13
30.34
33.18
35.62
37.27
39.14
41.10
40.52
44.25
47.06
48.83
47.47
50.60
53.31
54.52
56.50
58.78
60.52
62.34
64.15
66.69
68.92
71.08
73.56
74.65
76.83
78.09
79.65
82.43
84.31
86.55
87.68
89.30
91.03
93.15
95.42
98.04
98.69
101.68
103.31
105.70
107.05
108.82
110.58
113.24
114.79
116.51
117.83
119.21
119.85
120.56
122.49
124.23
126.27
128.55
129.20
131.50
133.57
135.20
137.37
139.02
140.61
141.74
143.68
145.59
147.10
149.29
150.72
151.57
153.12
155.28
156.84
157.64
159.70
161.70
164.49
166.00
167.53
168.77
170.36
171.66
173.54
176.15
177.96
179.27
179.74
181.19
182.83
185.18
186.70
188.14
188.91
190.48
192.68
194.67
196.12
197.44
198.63
200.91
202.81
205.45
206.05
206.09
208.72
210.24
212.52
213.51
215.70
217.20
218.59
219.73
221.44
223.22
225.48
227.39
228.09
230.10
231.52
233.52
233.69
234.46
236.66
237.96
239.14
242.01
239.36
238.82
241.18
240.38
243.64
246.79
249.62
251.49
251.12
253.74
253.25
256.51
259.05
258.29
261.29
260.56
261.32
265.87
264.76
264.71
266.08
266.89
268.64
273.20
272.59
276.53
275.96
276.41
278.03
279.01
279.71
280.69
281.88
282.75
285.04
285.19
286.37
287.06
288.53
290.02
291.37
293.48
295.49
296.47
298.29
299.68
300.64
302.31
303.36
301.06
301.31
304.86
307.79
307.63
309.34
310.61
310.58
310.29
311.00
311.15
312.18
312.77
314.15
315.63
316.52
318.27
318.64
319.98
321.39
322.63
323.42
324.78
326.52
328.74
330.21
331.39
332.07
332.91
334.25
335.49
337.51
339.05
339.84
341.85
343.08
344.69
345.69
346.81
348.79
350.18
351.19
352.08
353.62
354.91
356.31
357.43
358.91
359.99
361.21
361.88
363.45
365.11
365.71
366.57
367.73
369.05
370.60
371.23
371.84
373.30
374.54
375.95
377.48
378.84
380.13
381.82
382.18
383.17
384.74
385.46
387.40
388.95
389.12
390.18
392.17
392.72
394.34
395.18
396.84
398.17
399.61
400.80
401.35
401.96
402.28
403.59
405.63
406.52
407.99
409.18
410.36
411.67
412.42
413.30
414.96
415.49
416.74
417.56
418.75
419.25
420.59
421.54
423.45
424.73
424.69
425.70
426.87
428.27
429.70
430.36
430.63
431.53
432.67
433.96
435.34
436.22
436.97
437.89
438.78
439.43
440.70
441.86
442.80
443.47
444.59
445.86
446.87
448.05
449.31
450.66
451.39
452.43
453.78
454.24
455.15
456.16
457.22
457.81
459.22
460.13
461.20
462.73
462.60
463.63
464.41
465.99
467.45
467.74
468.95
470.40
471.75
472.32
472.83
473.34
474.81
475.07
475.93
476.71
477.71
479.19
479.84
481.30
482.33
483.47
483.73
484.01
484.92
485.81
486.51
487.43
488.06
489.89
490.64
490.56
491.68
492.28
493.47
494.69
494.71
495.58
496.66
497.71
498.90
499.74
499.91
500.89
501.17
502.47
503.54
504.63
505.64
506.45
507.32
509.07
509.28
509.02
510.20
511.71
512.17
512.47
513.88
514.38
515.11
515.64
516.63
517.27
517.81
518.72
519.98
520.14
520.15
521.32
522.11
523.17
523.96
524.38
524.99
526.07
526.73
527.98
528.72
529.31
530.27
530.84
530.79
531.36
532.40
533.15
534.27
535.42
535.36
536.78
537.19
537.83
538.14
539.02
539.87
539.99
540.65
541.78
542.30
543.23
543.86
543.57
544.46
545.47
546.08
546.82
548.10
548.85
549.54
550.12
551.01
551.81
552.42
552.90
553.39
554.15
554.48
555.10
555.38
556.25
556.44
556.82
557.80
558.24
558.85
558.90
559.35
560.01
560.65
561.70
562.22
562.60
563.28
563.76
564.20
564.71
565.54
566.16
566.83
567.27
567.76
568.68
568.89
569.57
569.43
570.13
571.04
571.52
572.44
573.11
573.91
574.53
575.10
575.26
575.38
575.87
576.67
577.04
577.02
578.10
578.43
579.34
580.12
580.09
580.81
581.43
581.70
582.22
583.11
583.27
583.85
583.93
584.52
584.54
584.73
585.09
585.52
586.42
587.20
587.87
588.25
588.45
588.80
589.46
590.03
589.99
590.75
591.47
591.63
592.14
592.45
592.51
592.98
593.90
593.85
594.24
595.00
595.64
595.57
596.15
596.51
596.75
597.22
597.58
598.46
599.07
599.25
599.48
599.60
599.83
599.73
599.74
600.42
601.09
601.54
602.06
601.83
602.46
602.75
602.65
603.39
603.68
604.00
604.13
604.51
604.76
605.54
605.90
606.34
605.99
606.36
606.47
607.06
607.49
608.09
608.98
608.93
609.66
609.79
609.78
610.00
610.30
610.69
610.82
611.07
611.30
612.07
612.35
612.31
612.25
612.76
612.84
612.62
612.26
613.25
613.91
613.61
614.35
614.48
613.96
614.57
614.91
616.05
616.11
616.73
616.56
616.53
616.89
617.25
617.08
617.35
617.74
617.40
617.89
617.92
618.50
618.73
618.44
619.18
619.45
618.97
619.43
619.49
619.46
619.78
619.92
620.07
620.34
620.63
620.79
620.61
620.80
620.93
621.13
620.86
621.11
621.52
621.41
621.83
621.88
622.33
622.21
622.62
622.83
623.49
623.42
623.62
623.68
623.77
624.17
623.99
624.16
624.35
625.04
624.84
624.72
624.85
625.14
624.55
624.76
625.75
625.56
625.51
625.07
624.99
624.87
625.06
625.59
621.77
623.65
624.53
625.12
625.84
626.05
623.09
623.81
624.32
624.70
625.16
625.78
626.19
626.67
626.47
626.27
626.45
626.56
626.06
625.05
625.17
626.34
626.72
626.09
626.44
626.66
626.85
626.97
623.88
621.21
623.30
624.25
625.08
625.42
622.36
620.44
619.15
621.55
620.02
619.78
622.22
623.47
624.36
625.27
622.48
623.99
620.98
619.44
622.16
623.62
620.96
619.54
621.88
619.65
618.59
621.31
622.80
620.48
618.05
619.98
621.43
622.31
623.27
622.66
623.23
623.44
623.58
622.57
622.77
622.25
622.05
622.20
621.81
622.10
621.17
621.15
620.98
620.85
621.01
621.15
620.33
620.58
620.42
619.39
618.93
619.23
618.96
618.25
618.35
618.53
617.95
617.70
617.66
617.19
616.57
616.19
616.15
615.73
615.35
615.33
614.71
614.39
614.32
613.64
613.87
613.43
612.96
612.91
612.75
612.44
612.79
612.33
611.81
611.78
611.01
610.84
610.53
610.55
609.72
609.87
610.05
609.42
609.16
608.88
608.55
609.03
608.20
608.05
608.07
607.94
607.28
606.93
607.22
606.95
606.97
606.74
606.64
606.84
607.08
607.58
607.26
607.16
607.40
607.82
607.82
607.69
607.45
607.87
607.78
608.45
608.59
608.73
608.13
608.07
607.64
607.38
607.50
607.33
606.81
606.23
606.13
605.83
606.43
605.99
605.14
605.43
604.60
604.14
603.66
603.51
603.30
602.99
602.31
602.35
602.21
601.71
601.20
600.86
600.44
600.40
600.17
599.99
599.42
599.02
598.95
598.62
598.42
598.13
597.58
597.39
597.31
597.14
596.12
595.64
595.22
594.99
594.97
595.02
595.08
594.18
594.15
593.48
593.60
592.87
592.77
592.75
592.77
592.50
592.59
591.91
591.73
591.66
591.21
591.28
590.60
590.09
589.89
589.51
589.51
588.99
589.00
589.19
589.38
588.97
588.44
588.01
587.86
588.02
587.50
587.23
587.32
586.62
586.68
586.21
586.27
586.00
585.23
584.76
584.57
583.80
583.03
583.47
583.60
583.50
582.89
582.50
581.65
581.57
581.87
581.52
581.26
581.13
580.32
580.46
580.26
579.43
579.59
579.15
578.60
578.38
578.05
577.66
577.36
577.15
576.72
576.47
576.65
576.66
576.21
575.64
575.38
575.39
575.37
575.19
573.97
573.91
573.86
573.49
573.37
572.53
572.53
572.12
571.99
571.61
571.11
570.85
571.26
571.22
571.33
571.11
570.59
570.50
570.03
570.07
569.93
569.56
569.51
569.44
569.22
569.03
568.97
569.02
568.44
568.03
567.67
568.03
567.64
567.78
566.89
566.62
566.66
566.55
566.34
566.26
566.03
565.32
565.59
565.27
564.77
564.47
564.51
564.47
564.33
564.10
563.97
563.54
563.50
563.46
563.47
563.64
563.20
563.69
563.17
562.69
562.35
561.82
562.17
561.82
561.86
561.45
561.15
560.89
560.50
560.36
559.89
559.89
559.80
559.61
559.65
559.33
559.38
558.81
558.90
558.50
554.82
552.37
554.19
555.38
556.27
552.78
553.95
554.60
552.13
550.07
552.43
553.32
553.44
554.19
554.24
553.92
553.51
553.30
552.55
552.38
552.64
552.28
552.12
552.30
551.98
551.71
551.39
550.98
550.43
550.07
549.40
549.26
549.06
549.29
548.99
548.48
548.02
548.05
547.38
547.16
547.18
546.81
546.83
546.47
545.98
545.80
545.39
545.85
545.33
545.05
545.21
545.01
544.40
544.42
544.22
543.50
543.45
543.75
543.34
542.98
542.42
542.32
541.73
541.77
541.73
541.86
542.09
541.92
541.60
541.53
541.12
540.98
540.65
540.43
540.02
539.76
539.80
539.94
539.31
538.78
538.21
538.17
537.66
537.62
537.23
537.24
537.27
536.59
536.47
536.14
535.73
535.19
535.71
535.33
535.52
534.96
534.60
534.59
530.91
531.45
532.18
532.25
532.89
532.55
532.65
532.79
532.93
532.59
532.50
532.27
531.81
531.59
527.90
525.92
527.67
529.01
529.13
529.37
529.24
525.49
526.36
526.49
523.78
525.19
525.67
526.00
526.68
526.54
523.34
524.79
524.75
521.91
523.62
524.55
524.59
521.73
522.88
522.97
520.48
522.14
522.61
519.98
518.05
519.75
517.86
519.67
520.64
517.42
515.78
514.66
516.83
518.44
519.24
514.98
512.10
510.26
509.16
509.27
508.69
508.38
508.07
508.09
508.11
508.46
508.09
508.44
508.38
508.30
505.71
503.47
501.96
501.31
500.94
500.51
496.85
494.90
496.73
494.42
492.84
492.05
491.19
494.23
492.14
491.26
490.88
490.42
489.50
489.76
489.44
488.67
487.91
488.03
487.75
487.43
487.18
486.84
486.96
487.03
486.69
486.52
486.66
486.38
486.08
485.56
485.50
485.44
485.33
484.42
484.33
484.14
484.18
483.98
483.38
483.20
483.16
482.32
482.60
482.38
481.88
482.16
481.98
481.47
481.38
480.84
480.73
480.85
480.48
480.05
479.03
479.01
478.90
478.47
478.40
478.56
478.38
477.95
477.81
477.31
477.28
477.17
476.14
476.32
476.27
475.79
475.83
475.00
474.96
474.83
474.50
474.11
474.23
474.36
473.60
473.53
473.59
473.28
473.24
472.59
472.14
472.35
472.36
471.72
471.57
471.30
471.34
471.42
470.94
470.80
470.72
470.58
471.12
470.36
469.78
469.85
469.22
468.86
468.66
468.67
468.10
467.81
467.47
466.95
466.73
466.54
466.53
466.53
465.97
465.85
465.71
465.13
464.98
465.03
464.19
463.83
463.28
462.98
462.86
462.56
462.59
462.23
461.48
461.14
461.07
461.24
460.64
460.09
459.87
459.64
459.26
459.55
458.96
458.97
458.46
458.69
458.26
457.75
456.94
456.83
456.62
456.23
455.60
455.77
455.42
454.92
454.61
454.03
454.01
454.27
453.83
453.34
453.17
452.96
452.52
452.46
452.52
451.99
451.92
451.87
451.27
451.23
450.71
450.48
450.03
449.95
449.43
449.52
449.26
449.25
449.58
449.70
449.68
449.27
449.23
449.05
449.35
449.58
449.18
448.78
448.56
448.14
447.92
447.81
447.49
447.23
447.10
446.92
446.59
446.35
445.96
445.88
445.55
445.21
445.03
444.60
444.02
443.27
442.74
442.68
442.26
441.55
441.11
440.48
440.32
439.76
439.74
439.40
438.44
438.09
438.22
437.73
437.04
436.68
436.03
435.91
435.84
435.93
435.52
434.60
434.88
435.02
434.73
434.61
434.02
433.59
433.35
433.27
433.37
432.72
432.62
432.50
432.11
431.47
430.71
430.34
430.57
430.34
430.08
429.42
429.31
428.42
428.19
427.72
427.64
427.06
426.96
426.62
425.89
426.20
425.78
425.08
424.49
424.55
424.79
424.48
424.38
423.83
423.78
423.99
423.68
423.62
423.01
422.46
421.98
421.82
421.87
421.15
421.04
420.74
420.98
420.55
420.69
419.72
419.24
419.01
419.21
419.01
418.17
418.10
418.34
417.78
417.49
417.25
416.72
416.55
416.42
416.20
416.11
415.63
415.41
415.32
415.14
414.48
414.22
413.91
413.44
412.89
412.54
412.34
412.19
411.75
411.95
411.70
411.28
411.11
410.86
410.42
410.43
409.97
409.31
409.07
408.74
408.70
407.94
408.29
408.06
407.24
406.88
406.78
406.58
406.26
405.92
405.58
405.90
405.75
404.99
405.28
404.76
404.64
404.58
404.15
403.65
403.82
403.67
402.90
402.50
401.95
401.94
401.49
401.16
401.39
400.97
401.12
401.37
401.14
400.36
399.90
399.68
399.18
399.15
398.63
398.51
397.92
397.95
397.70
396.91
396.90
396.82
396.28
396.36
396.12
396.37
396.03
395.65
395.47
395.73
395.54
394.90
394.29
394.41
394.85
394.11
394.57
393.98
393.07
392.30
392.35
392.71
392.36
391.96
391.35
390.56
390.64
390.11
390.49
390.13
390.14
389.72
389.27
389.12
389.51
388.75
388.43
387.91
387.40
387.23
386.86
386.77
386.69
386.55
387.10
386.28
385.46
385.05
385.27
384.74
384.60
384.37
383.64
383.63
383.04
382.94
382.61
382.23
382.28
381.89
381.61
381.28
380.94
380.43
380.38
380.99
380.23
380.24
380.00
379.25
379.22
378.97
378.48
378.31
377.76
377.20
377.24
377.27
376.63
376.70
376.15
375.75
375.56
375.56
375.41
374.72
373.96
374.18
373.98
373.31
373.12
372.51
372.27
371.82
371.70
371.64
371.47
371.09
370.78
370.55
370.54
369.46
369.13
368.87
368.78
368.93
368.42
367.96
367.73
367.39
367.15
366.56
366.35
366.41
365.91
365.58
365.72
365.73
364.84
365.01
364.30
364.13
363.76
363.77
363.31
363.15
362.77
362.20
362.14
362.00
362.07
361.60
361.37
360.94
360.82
360.80
360.36
360.23
360.22
360.08
359.77
358.92
358.71
358.44
358.27
357.61
357.66
357.47
357.54
356.96
356.87
356.26
355.91
355.96
356.00
355.55
355.03
354.81
354.96
354.37
353.80
353.37
353.56
353.18
352.58
352.25
352.00
351.70
351.43
351.05
351.00
351.05
350.32
350.09
349.86
349.49
348.91
348.45
348.13
347.92
347.40
347.25
346.10
346.03
345.77
345.42
345.34
345.25
345.26
344.96
345.27
344.58
344.19
343.97
343.45
342.48
341.76
341.89
342.29
342.00
341.44
341.18
341.11
340.72
340.54
340.62
340.20
339.74
338.91
339.09
339.24
338.65
338.20
338.43
337.66
337.78
337.25
337.34
336.74
336.17
335.97
335.64
335.38
334.84
334.49
334.32
333.80
334.09
333.71
333.17
332.97
333.35
333.04
332.09
331.81
331.78
331.29
330.96
330.71
330.62
330.44
330.15
330.10
329.31
329.17
328.76
328.44
328.56
328.14
327.87
327.49
327.35
327.12
326.63
326.35
326.42
326.47
326.36
325.81
325.60
325.68
324.86
324.53
324.45
324.24
323.91
323.77
323.03
322.55
322.62
321.88
322.21
321.85
321.79
321.64
321.31
321.05
320.50
321.32
321.09
320.17
319.81
319.84
319.80
319.23
318.93
318.82
318.74
318.71
318.50
318.54
318.48
318.75
318.01
317.80
317.19
316.76
316.58
316.28
315.95
315.75
315.27
314.98
314.07
313.52
313.27
313.36
312.97
312.38
312.18
312.09
311.72
311.08
310.91
310.45
310.55
310.05
309.61
309.82
308.65
308.67
308.74
308.28
307.93
307.45
307.57
307.50
307.30
306.75
307.03
306.94
306.44
306.49
306.17
305.59
305.29
305.01
304.28
303.99
303.93
304.05
303.59
303.54
303.11
302.61
302.38
302.78
302.12
301.63
301.64
301.49
301.45
300.88
301.19
300.57
300.04
299.50
299.53
299.36
299.24
298.74
299.17
298.18
297.81
297.32
296.74
296.53
296.10
296.03
295.54
295.31
294.95
295.00
294.32
294.02
293.65
293.76
293.72
293.43
293.49
293.18
292.61
292.40
292.08
291.48
291.27
290.77
290.50
290.25
289.74
289.84
289.23
289.30
288.69
288.60
288.51
288.21
288.13
287.83
288.29
287.80
287.63
287.06
286.54
285.67
285.02
284.65
284.90
284.44
284.23
284.09
284.10
284.02
283.34
283.19
282.99
282.55
282.57
282.52
282.50
282.04
281.89
281.65
281.79
281.54
281.69
281.44
281.35
280.92
280.73
280.45
280.46
279.76
279.35
279.00
278.79
278.37
277.78
277.48
276.95
276.40
276.20
275.60
275.36
274.96
274.77
274.13
274.23
273.61
273.17
272.89
272.67
271.92
271.93
271.66
271.90
271.29
270.87
271.00
271.21
270.98
270.77
269.83
269.61
269.28
268.66
268.54
268.33
267.92
267.92
267.59
267.01
266.84
266.54
266.20
266.54
266.15
265.66
265.35
265.24
264.56
264.74
264.54
264.53
263.91
263.17
262.97
262.22
262.23
261.90
261.96
261.71
261.48
261.57
260.89
260.38
260.44
260.22
260.00
259.67
259.58
259.48
258.81
259.04
259.14
258.61
257.96
257.99
258.15
258.21
257.61
257.41
257.20
257.02
256.98
256.53
256.22
256.07
255.72
255.45
255.39
254.97
254.85
254.48
254.55
253.76
253.23
253.04
253.19
252.84
252.41
252.03
251.68
251.69
251.56
251.53
251.42
250.85
250.85
250.17
250.21
250.30
249.89
249.72
249.04
248.68
248.60
248.62
248.11
247.69
247.98
247.60
247.39
246.99
246.78
243.38
244.81
245.19
245.18
245.64
245.54
245.23
245.27
244.72
244.59
244.02
243.36
242.91
242.75
242.20
238.91
240.35
237.87
235.53
237.77
238.48
239.58
239.99
236.36
237.81
237.92
235.58
233.90
232.68
235.33
233.36
235.62
233.29
234.98
232.60
231.16
229.80
229.36
232.06
233.39
234.40
232.07
233.12
230.40
232.08
229.66
231.70
229.47
228.09
227.08
226.47
225.95
225.16
227.98
226.90
225.88
228.97
230.48
231.27
231.36
228.10
225.91
228.05
225.72
224.15
222.96
222.13
221.81
224.73
223.59
222.40
221.37
220.72
220.17
219.55
219.09
218.64
218.55
218.56
218.64
217.89
217.77
217.81
217.68
217.46
217.21
216.99
216.43
216.28
216.10
216.34
215.69
215.57
214.87
214.45
214.28
213.89
214.00
213.67
212.99
212.84
213.05
212.68
212.74
212.46
212.28
211.95
211.51
210.72
210.57
210.16
209.84
210.26
209.80
209.41
209.39
208.99
208.40
208.14
208.40
208.67
208.10
207.78
207.49
207.24
206.74
206.33
206.29
205.95
205.50
205.52
205.22
205.20
204.48
204.07
204.25
203.54
203.45
203.21
203.03
203.08
202.62
202.39
202.14
201.49
201.63
201.38
200.87
200.08
199.97
199.85
199.90
200.05
199.96
199.84
199.54
199.16
198.33
197.73
197.85
198.00
197.15
196.74
196.89
196.88
196.47
196.15
196.31
196.05
195.13
194.93
194.52
194.72
194.86
194.21
194.25
194.05
193.96
193.66
193.73
193.36
192.90
192.58
192.46
191.79
191.54
191.53
191.45
191.46
191.03
191.09
191.03
190.40
190.54
190.15
189.91
189.98
189.41
188.79
188.16
187.96
187.81
188.09
187.91
187.58
187.13
187.04
186.47
186.44
186.19
185.97
185.92
185.52
185.27
185.04
185.34
185.37
185.12
185.03
184.66
184.32
183.84
183.78
183.39
183.19
183.36
183.05
182.79
182.47
182.61
182.11
182.44
182.09
181.60
181.39
180.65
180.72
181.12
180.72
179.94
179.64
179.11
179.18
178.95
178.85
179.57
179.25
178.79
179.18
179.30
179.26
178.65
178.99
179.06
179.16
178.65
178.42
178.53
178.75
178.46
178.42
177.99
177.98
177.79
177.15
176.21
176.00
175.42
175.41
175.04
175.05
174.49
174.53
174.23
173.84
174.10
173.62
173.53
173.24
172.56
172.23
172.39
171.36
170.82
170.68
170.39
170.08
170.08
169.38
169.28
168.76
168.51
168.77
168.27
167.95
167.56
167.10
167.01
167.15
166.90
166.54
166.14
165.80
166.01
165.83
165.79
165.10
164.90
164.53
164.30
164.83
164.45
164.49
164.40
163.82
163.73
164.00
163.53
163.44
163.90
163.57
163.29
163.16
162.72
162.47
161.55
161.01
160.93
161.17
160.71
160.44
160.19
159.62
159.17
159.26
159.14
158.79
158.20
158.10
158.21
157.98
157.57
157.14
156.90
156.89
156.21
155.60
154.90
154.54
155.10
155.23
155.27
155.06
154.90
154.62
154.01
153.86
153.69
153.27
153.53
152.95
153.03
153.35
152.89
152.49
152.00
151.98
151.54
151.45
151.06
150.89
151.06
150.57
150.35
149.01
148.65
148.54
148.02
147.66
148.01
147.96
147.81
147.86
148.08
147.91
147.69
144.02
141.68
140.72
140.12
139.55
139.68
139.35
139.48
139.57
139.13
138.58
138.73
138.83
138.76
138.62
137.95
137.59
137.31
137.12
137.48
137.27
136.81
136.67
136.87
137.05
137.11
136.94
136.23
135.98
135.73
135.25
135.22
135.09
135.24
135.15
135.16
135.01
134.63
133.87
133.71
133.56
133.05
132.98
133.27
132.79
133.05
132.74
132.47
132.44
132.21
132.13
131.78
131.28
131.11
130.66
130.34
130.02
129.83
129.78
129.31
129.62
128.82
128.21
128.12
128.08
127.59
126.88
126.72
126.28
126.35
126.21
125.78
125.71
125.83
126.07
125.15
125.29
124.96
125.54
125.73
125.75
125.74
125.58
124.86
124.92
124.46
123.86
123.45
123.72
123.09
122.60
122.46
122.34
121.68
121.95
121.67
120.94
120.81
120.59
120.44
119.92
119.67
119.33
119.02
119.02
118.95
118.51
118.09
117.95
117.33
116.85
116.49
116.41
116.55
116.29
116.43
115.91
115.85
115.71
115.60
115.25
114.72
114.70
115.30
115.30
115.26
114.71
114.29
114.24
113.56
113.28
113.57
113.60
113.60
113.15
113.05
112.81
112.24
112.04
111.36
111.25
111.44
110.89
111.32
111.73
111.68
111.24
110.87
110.30
110.24
109.91
109.80
109.37
108.95
109.10
108.67
108.09
108.02
107.68
107.27
107.52
106.98
106.93
106.43
106.54
106.78
105.78
105.35
104.92
104.55
104.55
104.55
104.09
103.84
103.17
102.99
102.73
102.56
102.36
102.27
101.87
101.65
101.63
101.26
101.22
100.58
100.10
99.73
99.70
99.64
98.96
99.15
98.70
98.41
98.69
98.21
98.32
98.31
98.39
97.84
97.73
97.30
96.78
96.43
96.20
96.37
95.90
95.86
96.09
95.86
95.42
95.41
95.24
95.09
94.71
93.95
94.42
94.22
94.02
93.75
93.47
93.09
93.55
93.27
92.88
92.65
91.99
92.03
91.54
92.12
91.70
91.57
91.43
91.35
91.03
90.97
90.67
90.68
90.43
90.57
89.93
89.92
89.86
89.57
89.03
88.89
88.77
88.29
88.78
88.82
88.51
88.16
87.91
87.94
87.61
87.34
86.88
86.94
86.71
85.78
85.91
85.53
85.09
84.98
84.52
84.51
84.18
83.77
83.52
83.37
82.66
82.73
82.78
83.02
82.30
82.50
82.29
81.66
81.33
81.02
81.11
81.25
81.30
80.97
80.79
80.23
80.13
79.64
79.17
79.19
79.45
79.33
79.06
79.15
79.06
78.69
78.20
78.88
78.58
77.86
77.93
78.35
77.89
77.78
77.45
77.44
77.82
78.21
78.11
78.00
77.78
77.62
77.07
77.45
77.51
76.95
77.02
77.06
76.95
77.10
76.66
76.84
76.39
76.25
76.28
76.45
76.36
76.11
76.16
76.02
75.58
75.41
75.87
75.28
74.80
74.78
74.43
75.31
75.18
74.88
74.95
74.87
74.76
74.53
75.27
74.59
74.05
73.93
73.67
73.63
73.93
73.26
73.60
73.21
73.25
73.37
73.52
73.02
73.00
72.88
72.43
72.36
72.85
72.77
72.91
72.88
72.70
73.03
73.27
73.63
73.62
73.28
73.15
73.21
72.92
72.92
72.95
72.56
72.29
72.31
71.74
71.80
71.88
72.03
68.55
66.27
68.33
69.37
69.57
66.53
64.36
62.86
65.58
63.50
62.52
61.83
61.14
60.67
64.24
62.04
60.76
60.37
59.45
59.52
59.41
59.32
59.12
58.55
58.48
58.60
58.90
58.40
58.42
58.65
58.90
59.01
59.24
59.54
59.13
59.34
58.93
59.24
59.10
59.82
60.02
59.80
59.85
59.75
59.86
59.55
59.84
59.77
60.09
59.69
59.87
59.88
60.93
61.35
61.38
61.60
61.74
61.21
60.20
59.55
59.31
59.16
59.16
58.66
58.88
58.78
58.77
59.31
59.56
59.59
59.16
59.21
59.25
58.92
58.96
58.83
58.25
58.09
57.65
57.38
57.63
57.14
57.55
57.01
56.62
59.25
57.57
56.32
58.30
56.34
58.63
56.89
58.93
60.44
58.04
60.03
60.52
57.18
59.15
56.40
58.04
56.21
58.15
59.43
59.66
60.40
56.82
58.02
59.25
59.48
59.23
59.66
59.96
59.95
60.61
61.05
57.64
58.71
60.44
60.89
61.65
62.49
59.37
60.57
60.70
61.38
62.22
62.65
62.34
61.95
62.12
61.94
61.76
62.00
61.42
61.05
60.90
60.37
60.56
59.91
55.51
56.04
57.03
57.86
55.10
56.88
57.73
58.75
58.51
57.90
58.48
58.26
57.97
57.27
57.66
57.34
54.32
55.25
52.38
54.12
54.90
55.60
55.89
55.73
56.52
56.11
56.44
52.71
54.13
51.63
49.52
51.71
49.69
48.04
50.01
48.56
47.84
50.56
48.34
50.85
48.83
47.60
46.76
45.75
48.76
50.99
51.80
53.09
50.25
48.60
48.36
50.47
48.66
50.06
48.21
47.22
46.92
46.16
49.13
47.66
46.56
45.80
45.39
45.16
44.91
45.24
44.98
48.04
46.65
45.48
44.75
48.25
46.58
45.10
44.47
43.66
47.30
45.93
44.58
43.64
42.98
42.92
46.13
47.37
45.29
47.62
45.37
47.28
45.37
43.42
42.97
45.58
47.11
47.78
48.87
44.96
45.85
46.56
46.50
47.37
47.39
47.28
46.74
46.40
46.08
46.04
45.89
45.21
45.11
44.89
44.81
44.99
44.91
44.90
44.74
44.62
44.36
43.76
43.40
43.51
43.16
43.06
42.87
42.88
43.03
42.83
43.05
42.86
42.21
42.45
41.88
41.84
41.42
41.34
41.66
41.16
40.60
40.56
40.23
40.15
40.50
40.28
40.15
40.10
39.73
39.54
39.64
39.84
39.88
39.39
38.80
38.65
38.50
38.55
38.51
38.78
38.69
39.00
38.99
38.70
38.77
38.60
38.05
37.69
37.48
37.11
37.10
37.05
37.14
37.52
37.30
37.34
37.14
37.14
36.34
36.26
36.27
36.30
36.14
36.41
36.07
36.33
36.33
36.63
35.94
35.88
35.88
36.80
36.82
36.94
36.82
36.86
37.69
37.66
37.89
37.32
37.02
37.01
37.08
37.58
37.65
37.71
37.32
36.81
36.22
36.53
36.41
36.32
36.15
36.18
35.86
35.49
35.56
35.49
35.75
35.42
35.55
35.23
34.97
34.93
35.03
35.04
34.94
34.62
33.89
34.27
33.96
34.13
34.20
33.68
33.48
33.16
32.99
33.18
32.68
32.31
32.15
32.53
32.25
32.17
31.47
31.15
30.83
30.45
30.56
30.11
29.98
30.32
30.16
29.66
28.84
29.15
29.31
29.18
28.51
28.74
28.60
28.25
28.30
28.07
28.24
28.04
27.72
27.98
28.49
27.81
27.54
27.59
27.50
27.42
27.91
28.28
28.40
28.42
28.01
28.39
27.99
28.16
28.07
28.14
28.01
28.10
27.51
27.47
27.53
27.79
28.19
28.07
28.46
28.58
27.78
27.66
27.70
27.64
24.35
25.56
22.73
24.73
22.51
24.46
26.21
23.66
25.20
25.93
23.65
25.10
25.90
23.68
25.05
22.49
24.34
25.39
25.97
26.47
23.35
21.89
20.61
23.06
21.30
20.34
22.86
21.27
24.08
25.53
26.90
27.66
24.26
25.95
23.65
21.35
23.69
24.72
22.42
23.89
21.28
22.65
23.78
23.87
23.91
23.95
24.19
21.50
22.29
22.56
22.72
23.31
22.97
22.93
22.66
22.86
23.02
22.88
22.95
22.61
21.73
21.65
21.64
21.66
21.69
21.20
21.06
21.19
21.52
21.42
21.14
20.56
20.14
20.15
20.33
20.03
20.61
20.02
19.94
20.00
19.49
19.14
18.68
18.45
17.86
17.28
17.61
17.58
17.26
16.99
16.41
16.23
16.36
16.15
16.15
15.60
15.67
15.37
14.86
14.88
15.48
15.14
14.89
14.91
14.71
14.32
14.58
14.40
14.31
13.98
14.17
14.34
14.42
14.52
14.91
14.55
13.99
13.92
13.66
13.84
13.66
13.04
12.51
12.59
12.83
13.10
12.97
13.21
13.30
13.09
12.66
12.48
12.59
11.93
11.73
11.56
11.30
11.74
11.56
11.76
11.15
10.92
10.64
9.96
9.42
9.20
8.72
8.88
7.71
7.56
7.47
7.21
7.12
6.71
6.32
6.09
6.08
6.36
6.25
6.80
6.58
6.45
6.59
6.35
6.27
6.63
6.24
6.58
6.16
6.22
6.28
6.50
6.38
6.46
6.21
6.37
6.78
6.64
7.31
7.61
4.99
6.26
7.39
7.98
8.25
8.53
8.37
8.13
8.33
8.33
8.02
7.82
7.93
7.65
7.22
4.34
4.94
5.86
6.13
6.20
6.37
3.31
3.71
3.42
0.65
-1.09
-1.71
1.09
-1.45
0.72
-1.35
1.03
2.06
-0.85
-2.50
-0.82
0.14
-2.15
-4.15
-4.88
-4.68
-1.90
-0.96
-0.66
-3.45
-4.69
-6.13
-6.75
-7.39
-8.11
-8.62
-8.08
-8.53
-7.89
-7.84
-8.60
-8.55
-8.53
-8.40
-8.49
-8.63
-8.78
-5.75
-6.84
-8.62
-9.69
-10.16
-10.20
-10.72
-11.06
-10.82
-10.95
-11.01
-11.57
-11.95
-12.58
-12.82
-11.64
-11.65
-10.49
-10.44
-10.49
-10.82
-9.96
-10.58
-10.26
-9.89
-10.01
-9.96
-10.32
-10.12
-10.54
-11.08
-11.46
-12.35
-13.25
-14.01
-14.80
-15.44
-16.14
-16.49
-17.62
-17.77
-18.33
-18.95
-19.90
-20.63
-21.68
-22.33
-23.26
-23.78
-24.47
-24.85
-25.24
-25.14
-25.45
-26.08
-25.92
-25.77
-26.16
-25.53
-25.58
-25.67
-25.50
-25.37
-25.11
-24.45
-24.52
-23.96
-23.07
-22.53
-22.20
-21.05
-20.76
-21.07
-20.99
-20.89
-20.42
-20.48
-20.09
-20.37
-20.70
-20.37
-20.28
-20.22
-20.52
-21.31
-21.22
-22.10
-22.02
-22.08
-22.94
-22.79
-23.29
-23.27
-22.71
-23.64
-23.83
-23.79
-24.40
-25.05
-25.45
-25.70
-25.54
-25.76
-25.15
-24.56
-24.94
-24.94
-25.50
-26.12
-25.22
-25.35
-25.00
-24.52
-24.24
-26.02
-26.12
-26.91
-28.52
-30.03
-29.87
-30.38
-27.30
-28.64
-30.42
-31.75
-29.27
-30.76
-31.63
-31.87
-28.28
-29.48
-26.06
-28.12
-25.73
-24.93
-23.56
-22.88
-25.98
-25.52
-25.97
-25.53
-28.64
-27.50
-26.36
-24.87
-24.74
-24.28
-24.16
-27.54
-25.81
-24.47
-23.57
-22.49
-24.76
-23.31
-22.16
-21.38
-20.72
-22.64
-22.87
-23.49
-24.49
-26.07
-27.48
-29.48
-30.85
-32.21
-33.34
-34.65
-35.76
-39.39
-38.59
-38.62
-38.78
-42.36
-44.66
-45.89
-46.90
-47.66
-47.69
-47.57
-44.75
-46.25
-43.89
-45.27
-46.10
-43.29
-41.31
-42.91
-43.42
-40.11
-38.24
-36.48
-38.78
-40.23
-37.52
-39.63
-40.37
-41.15
-41.19
-40.42
-39.92
-38.75
-37.31
-34.30
-35.68
-33.18
-35.30
-34.48
-37.44
-35.30
-37.10
-38.30
-39.21
-40.50
-40.03
-39.71
-36.38
-38.25
-36.12
-37.30
-39.33
-40.28
-39.75
-40.23
-40.39
-40.85
-41.16
-42.69
-43.02
-43.23
-45.86
-46.51
-47.30
-48.23
-48.20
-48.91
-50.00
-49.20
-49.34
-49.66
-49.76
-49.28
-49.46
-49.87
-50.55
-50.64
-50.69
-51.30
-51.20
-51.73
-52.07
-52.63
-52.65
-52.58
-53.38
-54.57
-55.24
-55.49
-55.64
-54.79
-55.29
-55.42
-58.33
-57.36
-56.36
-51.84
-52.28
-54.37
-54.86
-55.35
-58.81
-57.55
-59.41
-57.60
-59.52
-60.31
-60.07
-60.69
-60.65
-61.15
-60.98
-57.56
-58.91
-59.77
-60.58
-60.45
-62.98
-62.37
-62.15
-61.67
-61.42
-61.26
-61.12
-60.81
-61.01
-60.94
-61.34
-61.37
-61.77
-62.04
-62.18
-62.62
-63.01
-63.34
-63.40
-63.56
-63.75
-63.90
-64.27
-64.33
-64.47
-65.50
-65.00
-64.76
-64.58
-64.03
-63.56
-63.73
-63.67
-63.73
-63.63
-63.62
-63.38
-62.11
-67.76
-68.42
-66.81
-66.59
-66.23
-65.26
-65.00
-65.20
-64.80
-61.60
-62.54
-62.50
-63.46
-62.99
-62.98
-60.51
-62.29
-63.46
-63.91
-64.90
-61.82
-64.38
-62.41
-63.33
-61.20
-62.71
-60.13
-59.74
-58.99
-58.72
-57.80
-57.88
-57.89
-57.49
-57.74
-58.19
-57.78
-57.53
-57.63
-58.28
-58.13
-58.18
-58.18
-58.61
-58.18
-58.18
-58.34
-58.73
-58.83
-59.30
-59.44
-59.03
-59.18
-59.15
-59.44
-59.25
-59.33
-59.01
-59.09
-58.88
-59.04
-59.12
-59.02
-59.09
-59.33
-59.23
-59.72
-59.69
-59.66
-59.43
-59.42
-59.72
-59.57
-59.48
-59.33
-59.37
-59.37
-60.06
-59.79
-59.56
-59.59
-59.27
-59.63
-59.50
-59.23
-59.29
-58.97
-59.21
-59.07
-59.04
-58.87
-59.15
-58.68
-58.72
-59.04
-59.08
-59.28
-58.68
-59.42
-58.85
-58.87
-58.48
-58.34
-58.63
-58.70
-58.43
-58.34
-58.58
-58.70
-59.03
-59.03
-58.51
-58.41
-58.05
-57.74
-57.32
-57.57
-57.84
-58.32
-57.71
-57.33
-57.47
-58.47
-58.39
-58.34
-58.05
-61.21
-59.15
-58.26
-57.55
-57.64
-57.65
-57.58
-57.53
-60.76
-59.18
-57.96
-57.94
-57.49
-60.11
-58.58
-60.79
-62.25
-60.44
-62.33
-63.15
-60.85
-62.58
-60.34
-61.58
-62.40
-63.46
-63.99
-64.75
-64.62
-64.44
-64.32
-64.58
-64.08
-63.86
-63.65
-63.87
-64.27
-64.53
-64.47
-64.27
-64.35
-64.30
-63.88
-64.06
-64.40
-64.34
-64.11
-63.86
-63.83
-63.80
-63.39
-64.03
-63.56
-64.15
-63.97
-63.88
-63.77
-63.61
-64.05
-63.46
-63.52
-63.15
-63.35
-63.40
-63.87
-63.11
-62.90
-63.40
-63.46
-63.12
-63.17
-63.21
-63.10
-63.01
-63.26
-63.73
-63.62
-63.34
-63.40
-63.51
-63.28
-62.94
-63.25
-63.36
-63.42
-63.46
-63.30
-63.35
-62.75
-63.07
-63.09
-63.38
-63.18
-63.05
-63.50
-63.48
-63.17
-63.34
-63.15
-63.14
-62.90
-63.45
-63.18
-63.15
-63.53
-63.54
-63.22
-63.55
-63.69
-63.73
-63.38
-63.08
-63.04
-62.86
-62.38
-63.04
-63.28
-63.43
-63.62
-63.75
-63.39
-63.40
-62.79
-63.26
-63.11
-63.36
-62.48
-62.91
-63.20
-63.11
-63.03
-62.96
-63.06
-63.63
-63.76
-63.68
-63.25
-62.84
-62.73
-62.71
-62.91
-63.07
-62.66
-62.59
-62.55
-62.36
-62.76
-62.93
-62.99
-63.37
-63.30
-62.66
-63.17
-62.72
-62.93
-63.10
-62.22
-61.67
-62.06
-62.26
-62.55
-62.18
-61.78
-61.52
-61.26
-61.59
-60.97
-60.71
-61.25
-61.08
-60.71
-60.36
-60.19
-60.06
-60.41
-59.88
-60.04
-59.77
-59.89
-60.59
-60.49
-60.74
-60.77
-60.30
-60.12
-60.17
-60.05
-59.59
-59.65
-59.77
-59.83
-59.88
-59.52
-59.81
-60.00
-60.12
-60.50
-60.20
-60.36
-59.99
-59.94
-59.78
-59.80
-59.75
-59.80
-59.47
-59.63
-59.81
-59.67
-59.97
-59.41
-59.61
-59.43
-59.06
-59.35
-59.03
-59.13
-59.09
-58.91
-59.19
-59.49
-59.73
-59.16
-59.27
-59.02
-58.84
-58.64
-58.32
-58.46
-59.18
-59.22
-59.83
-59.13
-58.50
-58.67
-59.04
-58.73
-58.02
-58.14
-61.77
-60.91
-60.61
-59.87
-59.42
-58.88
-58.87
-58.41
-58.04
-58.69
-58.67
-58.39
-58.10
-57.75
-57.56
-57.89
-58.22
-61.56
-60.35
-62.61
-60.91
-62.85
-64.39
-65.07
-62.27
-63.63
-64.98
-65.35
-65.66
-66.00
-66.36
-66.46
-65.83
-65.78
-65.76
-65.62
-65.57
-65.61
-65.83
-65.27
-64.92
-64.93
-65.08
-65.23
-65.47
-65.13
-65.04
-65.18
-65.26
-64.90
-64.51
-64.16
-64.36
-64.37
-64.81
-64.56
-64.32
-64.00
-63.90
-63.88
-64.43
-64.88
-64.92
-64.56
-64.86
-64.91
-64.67
-64.81
-64.59
-64.90
-64.41
-64.58
-63.95
-64.30
-64.97
-64.84
-64.36
-64.54
-64.24
-63.84
-64.05
-63.83
-64.33
-64.60
-64.30
-63.92
-63.62
-64.20
-64.27
-64.25
-64.10
-64.13
-63.97
-63.80
-64.11
-64.15
-63.65
-63.57
-63.84
-63.81
-63.65
-63.47
-62.90
-62.79
-63.06
-63.14
-62.60
-63.11
-63.34
-63.60
-63.64
-63.64
-63.58
-63.63
-63.59
-63.16
-62.86
-62.53
-62.55
-62.68
-62.64
-63.07
-62.32
-62.02
-62.64
-63.00
-62.94
-63.12
-62.94
-63.67
-63.06
-62.44
-62.04
-61.54
-61.63
-62.00
-61.65
-62.01
-62.22
-62.64
-62.55
-62.45
-62.14
-61.84
-61.84
-61.95
-61.96
-62.10
-61.63
-62.15
-61.64
-61.34
-61.32
-61.17
-61.89
-61.50
-61.77
-61.28
-61.74
-61.56
-61.52
-61.46
-61.19
-61.13
-61.63
-61.78
-61.66
-61.19
-61.70
-61.67
-62.15
-61.54
-61.48
-61.44
-61.34
-60.80
-60.72
-61.04
-61.39
-61.65
-61.24
-61.14
-61.67
-61.33
-60.86
-60.88
-60.58
-60.66
-60.88
-61.06
-60.70
-60.72
-60.79
-60.89
-61.28
-60.79
-60.52
-60.88
-61.16
-61.03
-61.19
-60.44
-60.82
-60.72
-60.50
-60.05
-60.40
-60.70
-60.98
-60.83
-60.96
-60.84
-60.59
-60.63
-60.80
-60.56
-60.57
-60.77
-60.27
-60.45
-60.74
-60.60
-60.22
-60.06
-60.10
-60.50
-60.93
-61.10
-60.69
-60.48
-60.29
-60.04
-60.11
-60.06
-60.07
-60.26
-60.53
-60.62
-60.21
-60.01
-59.77
-59.49
-59.20
-59.27
-60.16
-60.35
-60.13
-60.33
-59.93
-60.04
-60.16
-60.03
-59.80
-59.94
-59.66
-59.36
-59.37
-59.03
-59.64
-59.93
-59.64
-59.78
-59.69
-59.39
-59.46
-59.52
-59.83
-59.22
-59.15
-59.38
-59.88
-59.52
-59.51
-59.85
-59.76
-59.08
-58.95
-58.97
-58.97
-59.12
-59.35
-59.00
-59.22
-59.37
-59.40
-59.43
-59.35
-59.18
-59.33
-58.99
-59.10
-58.74
-58.83
-58.83
-58.56
-58.84
-58.70
-58.52
-58.47
-58.85
-58.91
-59.25
-58.89
-58.41
-58.36
-58.61
-58.89
-59.15
-58.91
-59.02
-59.05
-58.86
-58.45
-58.60
-58.78
-58.65
-58.49
-58.20
-58.11
-58.40
-58.32
-58.25
-58.50
-58.29
-58.42
-57.86
-58.46
-58.37
-58.72
-59.00
-58.45
-58.26
-58.23
-58.87
-58.84
-59.14
-59.30
-58.68
-58.47
-58.60
-58.46
-58.20
-58.40
-58.49
-58.36
-58.36
-58.60
-58.08
-57.84
-57.69
-57.77
-58.32
-57.93
-57.88
-57.97
-58.36
-58.09
-58.11
-58.31
-58.01
-57.65
-57.74
-57.75
-57.91
-57.97
-58.53
-58.43
-57.86
-58.18
-58.15
-58.18
-57.70
-57.64
-57.69
-57.87
-57.30
-57.50
-57.23
-57.14
-57.28
-57.70
-57.89
-57.40
-57.49
-58.09
-57.57
-57.44
-57.18
-57.21
-57.00
-57.08
-56.93
-57.44
-57.23
-57.33
-57.64
-57.67
-57.27
-57.02
-57.70
-58.01
-57.44
-57.25
-56.84
-56.81
-57.22
-56.98
-57.37
-57.20
-57.73
-57.25
-56.79
-57.36
-57.43
-56.90
-56.68
-56.75
-57.18
-57.26
-57.25
-57.05
-57.16
-56.76
-56.51
-56.83
-56.88
-56.30
-56.15
-56.37
-56.24
-56.28
-56.10
-56.55
-56.97
-57.16
-57.01
-57.29
-57.26
-57.08
-56.76
-56.83
-56.54
-56.70
-56.66
-56.50
-56.83
-56.62
-56.28
-56.03
-56.66
-56.67
-56.81
-56.04
-56.21
-56.78
-56.55
-56.32
-56.26
-56.19
-55.86
-56.54
-56.16
-56.11
-55.98
-56.23
-56.41
-56.45
-56.14
-56.51
-56.51
-57.02
-57.01
-56.61
-56.46
-56.23
-56.70
-56.31
-56.32
-56.48
-56.61
-56.49
-56.69
-56.29
-56.14
-55.95
-55.70
-55.92
-56.68
-56.82
-56.45
-56.36
-56.94
-57.25
-57.15
-56.77
-55.97
-56.59
-56.34
-56.76
-56.64
-56.09
-56.07
-56.61
-56.78
-56.95
-56.88
-56.88
-56.75
-57.12
-56.94
-57.06
-57.17
-56.83
-56.93
-56.79
-56.73
-56.25
-55.75
-55.77
-55.24
-55.89
-55.83
-56.62
-56.67
-56.76
-56.77
-56.67
-57.09
-56.76
-56.85
-57.16
-56.32
-56.08
-56.46
-56.20
-55.68
-55.44
-56.01
-55.62
-56.09
-56.19
-56.34
-56.23
-55.85
-56.15
-55.76
-55.91
-55.74
-56.10
-55.95
-55.89
-55.92
-56.05
-55.92
-56.32
-56.05
-56.20
-55.82
-55.96
-55.74
-55.86
-56.29
-56.23
-55.86
-55.73
-55.49
-55.59
-55.57
-56.04
-55.79
-55.61
-55.33
-55.59
-55.97
-55.97
-55.92
-55.45
-55.26
-55.55
-55.67
-55.07
-55.42
-55.64
-55.55
-55.74
-55.24
-54.95
-55.77
-56.05
-55.93
-55.88
-55.76
-55.62
-55.93
-55.57
-55.42
-55.33
-55.01
-55.37
-54.98
-55.18
-55.17
-55.24
-55.63
-55.14
-55.02
-55.17
-55.48
-55.54
-54.98
-55.16
-54.89
-54.69
-53.91
-54.58
-54.92
-54.81
-54.80
-54.53
-54.88
-54.73
-54.47
-54.37
-54.40
-54.34
-54.84
-54.84
-54.74
-54.68
-54.56
-54.59
-55.04
-55.00
-54.53
-54.37
-54.32
-54.09
-53.78
-54.08
-54.58
-54.78
-57.35
-59.53
-57.79
-56.82
-56.29
-55.35
-54.79
-57.74
-56.43
-58.61
-56.79
-56.06
-54.69
-54.79
-54.19
-54.12
-57.12
-56.13
-55.06
-57.42
-56.28
-58.32
-59.93
-57.91
-56.26
-55.39
-57.91
-59.34
-60.45
-58.18
-59.70
-60.23
-60.86
-58.02
-59.70
-60.47
-60.90
-61.41
-61.56
-61.57
-61.96
-61.36
-61.53
-61.65
-58.91
-59.85
-60.46
-60.97
-61.41
-61.24
-58.75
-59.72
-60.21
-60.34
-60.51
-60.86
-61.26
-61.67
-61.99
-61.75
-61.52
-61.71
-61.08
-61.39
-61.27
-60.97
-61.26
-60.82
-60.70
-61.01
-60.92
-60.99
-60.91
-61.56
-61.47
-61.15
-61.40
-61.38
-61.36
-61.31
-61.31
-60.83
-60.84
-61.59
-60.98
-60.98
-61.00
-64.01
-62.65
-61.97
-61.30
-61.09
-61.07
-60.97
-61.01
-60.68
-60.75
-60.88
-61.27
-61.48
-61.73
-61.29
-61.46
-61.34
-61.56
-61.22
-60.74
-60.79
-60.78
-61.15
-61.00
-60.86
-60.86
-60.64
-60.69
-60.34
-60.49
-60.75
-61.42
-61.15
-61.02
-61.50
-61.70
-61.58
-61.87
-61.85
-61.24
-61.14
-61.59
-61.19
-61.38
-61.75
-61.69
-61.91
-62.00
-61.83
-61.67
-61.84
-62.12
-61.91
-61.61
-61.23
-61.29
-61.51
-61.46
-61.62
-61.89
-61.91
-62.18
-61.51
-61.70
-61.73
-61.98
-61.44
-61.57
-61.35
-61.14
-61.56
-61.57
-61.38
-62.11
-62.11
-61.90
-61.91
-61.72
-61.51
-62.02
-61.77
-61.53
-61.93
-62.07
-61.70
-62.02
-62.60
-62.60
-62.07
-62.23
-62.32
-62.14
-61.95
-62.30
-62.06
-61.73
-61.92
-61.85
-62.58
-62.30
-62.33
-61.86
-62.32
-62.48
-62.15
-62.09
-62.15
-62.39
-62.02
-61.92
-61.75
-61.93
-61.75
-61.83
-61.40
-61.57
-62.17
-62.27
-62.23
-62.02
-62.21
-62.45
-61.80
-61.45
-61.21
-61.16
-62.01
-61.95
-61.89
-61.95
-61.96
-62.84
-62.84
-63.10
-62.46
-61.89
-62.10
-61.82
-62.23
-61.23
-61.19
-61.64
-61.04
-61.12
-61.48
-60.87
-61.16
-60.86
-61.12
-60.85
-60.52
-60.44
-60.51
-60.58
-60.29
-60.67
-60.40
-60.11
-59.89
-60.42
-60.55
-60.76
-60.47
-60.31
-60.59
-60.20
-60.04
-59.58
-59.48
-59.70
-59.76
-59.32
-59.52
-59.81
-59.15
-59.33
-59.48
-59.32
-59.02
-58.82
-58.83
-58.75
-62.31
-64.71
-65.22
-65.95
-63.48
-64.72
-65.81
-65.77
-66.27
-66.62
-67.30
-67.45
-66.79
-66.79
-66.69
-66.96
-67.06
-66.52
-66.93
-66.91
-66.56
-67.20
-67.24
-67.47
-67.09
-67.09
-67.68
-67.58
-66.87
-66.72
-67.10
-67.21
-67.40
-67.06
-67.07
-67.40
-66.96
-66.54
-66.45
-66.62
-66.70
-66.21
-66.44
-66.49
-66.04
-66.53
-66.58
-66.49
-67.11
-67.11
-66.71
-66.63
-66.64
-66.31
-65.62
-65.24
-65.78
-65.69
-65.56
-65.35
-65.61
