Time [s],Baro_P [m],Kalman_P [m],Kalman_V [m/s],Kalman_A [m/s^2],Kalman_Gain_P,Kalman_Uncertainty_P
151,0.00,0.00,0.00,0.00,0.78049,0.02201
202,0.00,0.00,0.00,0.00,0.44258,0.01248
254,0.00,0.00,0.00,0.00,0.31755,0.00895
305,-0.49,-0.13,-0.14,-0.02,0.25853,0.00729
355,-0.49,-0.22,-0.28,-0.04,0.22895,0.00646
405,-0.49,-0.29,-0.39,-0.06,0.21524,0.00607
457,-0.49,-0.35,-0.48,-0.08,0.21177,0.00597
508,-0.49,-0.40,-0.55,-0.10,0.21184,0.00597
558,-0.49,-0.44,-0.59,-0.11,0.21277,0.00600
608,-0.49,-0.47,-0.61,-0.12,0.21395,0.00603
670,-0.49,-0.51,-0.60,-0.11,0.22452,0.00633
721,-0.41,-0.51,-0.54,-0.08,0.22252,0.00627
771,-0.41,-0.51,-0.48,-0.06,0.21911,0.00618
821,-0.41,-0.51,-0.43,-0.03,0.21549,0.00608
873,-0.41,-0.50,-0.37,0.00,0.21325,0.00601
924,-0.49,-0.52,-0.36,0.01,0.20992,0.00592
974,-0.49,-0.53,-0.34,0.02,0.20595,0.00581
1024,-0.49,-0.53,-0.32,0.04,0.20231,0.00571
1076,-0.49,-0.54,-0.29,0.05,0.20033,0.00565
1127,-0.41,-0.53,-0.24,0.09,0.19776,0.00558
1177,-0.41,-0.51,-0.18,0.13,0.19483,0.00549
1234,-0.41,-0.50,-0.13,0.17,0.19670,0.00555
1286,-0.41,-0.49,-0.08,0.20,0.19485,0.00549
1337,-0.41,-0.48,-0.04,0.22,0.19261,0.00543
1387,-0.41,-0.47,-0.01,0.24,0.19009,0.00536
1437,-0.41,-0.46,0.03,0.26,0.18798,0.00530
1489,-0.41,-0.45,0.05,0.27,0.18736,0.00528
1540,-0.58,-0.47,0.02,0.23,0.18614,0.00525
1590,-0.58,-0.49,-0.01,0.20,0.18442,0.00520
1640,-0.58,-0.50,-0.03,0.17,0.18287,0.00516
1692,-0.58,-0.52,-0.04,0.15,0.18258,0.00515
1743,-0.82,-0.57,-0.14,0.07,0.18154,0.00512
1793,-0.82,-0.62,-0.22,-0.00,0.17990,0.00507
1848,-0.82,-0.67,-0.28,-0.05,0.18105,0.00511
1900,-0.82,-0.71,-0.33,-0.09,0.18000,0.00508
1951,-0.66,-0.71,-0.31,-0.07,0.17827,0.00503
2001,-0.66,-0.72,-0.29,-0.05,0.17600,0.00496
2051,-0.66,-0.72,-0.27,-0.04,0.17383,0.00490
2103,-0.66,-0.72,-0.25,-0.02,0.17272,0.00487
2154,-0.74,-0.73,-0.25,-0.02,0.17095,0.00482
2204,-0.74,-0.75,-0.25,-0.02,0.16867,0.00476
2254,-0.74,-0.76,-0.25,-0.02,0.16646,0.00469
2306,-0.74,-0.76,-0.24,-0.01,0.16522,0.00466
2357,-0.41,-0.72,-0.15,0.06,0.16338,0.00461
2414,-0.41,-0.67,-0.06,0.11,0.16413,0.00463
2464,-0.41,-0.63,0.01,0.16,0.16131,0.00455
2516,-0.41,-0.60,0.07,0.19,0.15949,0.00450
2567,-0.41,-0.56,0.13,0.22,0.15722,0.00443
2617,-0.41,-0.54,0.17,0.24,0.15461,0.00436
2667,-0.41,-0.51,0.21,0.26,0.15215,0.00429
2719,-0.41,-0.48,0.24,0.27,0.15054,0.00425
2770,-0.41,-0.46,0.27,0.28,0.14853,0.00419
2820,-0.41,-0.44,0.29,0.28,0.14620,0.00412
2870,-0.41,-0.43,0.31,0.28,0.14397,0.00406
2922,-0.41,-0.41,0.32,0.28,0.14251,0.00402
2973,-0.49,-0.41,0.32,0.27,0.14068,0.00397
3028,-0.49,-0.40,0.31,0.26,0.14015,0.00395
3078,-0.49,-0.40,0.31,0.25,0.13785,0.00389
3130,-0.49,-0.40,0.30,0.24,0.13628,0.00384
3181,-0.33,-0.38,0.32,0.25,0.13441,0.00379
3231,-0.33,-0.36,0.34,0.25,0.13230,0.00373
3281,-0.33,-0.34,0.36,0.25,0.13030,0.00367
3333,-0.33,-0.32,0.37,0.25,0.12894,0.00364
3384,-0.74,-0.36,0.31,0.22,0.12730,0.00359
3434,-0.74,-0.39,0.27,0.19,0.12544,0.00354
3484,-0.74,-0.42,0.22,0.16,0.12366,0.00349
3536,-0.74,-0.45,0.19,0.14,0.12245,0.00345
3594,-0.41,-0.44,0.20,0.14,0.12268,0.00346
3644,-0.41,-0.42,0.21,0.14,0.12075,0.00341
3694,-0.41,-0.41,0.22,0.14,0.11893,0.00335
3746,-0.41,-0.40,0.22,0.14,0.11765,0.00332
3797,-0.33,-0.38,0.24,0.15,0.11616,0.00328
3847,-0.33,-0.37,0.25,0.15,0.11450,0.00323
3897,-0.33,-0.35,0.26,0.15,0.11292,0.00318
3949,-0.33,-0.34,0.27,0.15,0.11182,0.00315
4000,-0.66,-0.36,0.24,0.13,0.11053,0.00312
4050,-0.66,-0.38,0.21,0.12,0.10906,0.00308
4100,-0.66,-0.40,0.19,0.11,0.10766,0.00304
4152,-0.66,-0.42,0.17,0.10,0.10670,0.00301
4208,-0.41,-0.41,0.17,0.10,0.10648,0.00300
4258,-0.41,-0.40,0.17,0.10,0.10505,0.00296
4308,-0.41,-0.40,0.18,0.09,0.10368,0.00292
4360,-0.41,-0.39,0.18,0.09,0.10273,0.00290
4411,-0.33,-0.37,0.19,0.10,0.10161,0.00287
4461,-0.33,-0.36,0.20,0.10,0.10036,0.00283
4511,-0.33,-0.35,0.20,0.10,0.09916,0.00280
4563,-0.33,-0.34,0.21,0.10,0.09832,0.00277
4614,-0.25,-0.32,0.22,0.10,0.09733,0.00274
4664,-0.25,-0.30,0.23,0.10,0.09621,0.00271
4714,-0.25,-0.29,0.24,0.10,0.09514,0.00268
4772,-0.25,-0.27,0.25,0.10,0.09530,0.00269
4823,0.25,-0.21,0.29,0.12,0.09431,0.00266
4873,0.25,-0.15,0.34,0.13,0.09321,0.00263
4923,0.25,-0.10,0.37,0.14,0.09215,0.00260
4975,0.25,-0.05,0.40,0.15,0.09142,0.00258
5026,1.81,0.14,0.55,0.20,0.09055,0.00255
5076,1.81,0.31,0.68,0.24,0.08958,0.00253
5126,1.81,0.47,0.79,0.28,0.08864,0.00250
5178,1.81,0.63,0.90,0.31,0.08800,0.00248
5229,4.44,1.00,1.17,0.40,0.08723,0.00246
5279,4.44,1.36,1.42,0.48,0.08636,0.00244
5329,4.44,1.68,1.64,0.55,0.08552,0.00241
5386,4.44,2.01,1.85,0.61,0.08556,0.00241
5437,5.51,2.39,2.10,0.68,0.08482,0.00239
5487,5.51,2.75,2.32,0.75,0.08397,0.00237
5537,5.51,3.09,2.53,0.80,0.08316,0.00235
5589,5.51,3.41,2.71,0.85,0.08261,0.00233
5640,5.92,3.74,2.89,0.90,0.08195,0.00231
5690,5.92,4.05,3.06,0.94,0.08120,0.00229
5740,5.92,4.34,3.21,0.97,0.08048,0.00227
5792,5.92,4.62,3.34,1.00,0.08000,0.00226
5843,5.26,4.83,3.42,1.00,0.07942,0.00224
5893,5.26,5.03,3.48,1.01,0.07874,0.00222
5943,5.26,5.21,3.53,1.01,0.07809,0.00220
5995,5.26,5.38,3.58,1.01,0.07768,0.00219
6053,6.08,5.63,3.67,1.02,0.07787,0.00220
6103,6.08,5.83,3.73,1.02,0.07720,0.00218
6153,6.08,6.03,3.78,1.02,0.07656,0.00216
6205,6.08,6.21,3.83,1.02,0.07614,0.00215
6256,6.08,6.39,3.87,1.01,0.07562,0.00213
6306,6.08,6.54,3.89,1.01,0.07503,0.00212
6356,6.08,6.69,3.91,1.00,0.07446,0.00210
6408,6.08,6.83,3.92,0.98,0.07410,0.00209
6459,1.48,6.63,3.70,0.90,0.07366,0.00208
6509,1.48,6.42,3.48,0.81,0.07313,0.00206
6559,1.48,6.23,3.28,0.74,0.07263,0.00205
6611,1.48,6.04,3.08,0.66,0.07233,0.00204
6667,2.06,5.91,2.92,0.60,0.07239,0.00204
6717,2.06,5.77,2.76,0.54,0.07188,0.00203
6767,2.06,5.64,2.61,0.48,0.07140,0.00201
6819,2.06,5.51,2.47,0.43,0.07112,0.00201
6870,0.16,5.25,2.24,0.35,0.07075,0.00200
6920,0.16,5.00,2.02,0.27,0.07031,0.00198
6970,0.16,4.75,1.81,0.20,0.06988,0.00197
7022,0.16,4.52,1.62,0.14,0.06965,0.00196
7073,1.15,4.36,1.47,0.09,0.06934,0.00196
7123,1.15,4.21,1.33,0.04,0.06895,0.00194
7173,1.15,4.06,1.20,-0.00,0.06858,0.00193
7225,1.15,3.92,1.07,-0.04,0.06839,0.00193
7283,5.01,4.05,1.11,-0.03,0.06871,0.00194
7333,5.01,4.17,1.15,-0.02,0.06832,0.00193
7383,5.01,4.28,1.18,-0.00,0.06796,0.00192
7435,5.01,4.39,1.21,0.00,0.06777,0.00191
7486,21.64,5.61,1.93,0.24,0.06751,0.00190
7536,21.64,6.78,2.61,0.45,0.06718,0.00189
7586,21.64,7.90,3.24,0.65,0.06687,0.00189
7638,21.64,8.97,3.84,0.83,0.06673,0.00188
7689,77.63,13.72,6.70,1.74,0.06652,0.00188
7739,77.63,18.27,9.39,2.58,0.06624,0.00187
7789,77.63,22.63,11.91,3.36,0.06597,0.00186
7841,77.63,26.83,14.29,4.08,0.06587,0.00186
7897,173.05,37.25,20.43,6.00,0.06609,0.00186
7947,173.05,47.15,26.19,7.78,0.06582,0.00186
7997,173.05,56.64,31.59,9.42,0.06556,0.00185
8049,173.05,65.81,36.69,10.93,0.06548,0.00185
8100,253.25,79.81,44.68,13.36,0.06532,0.00184
8150,253.25,93.20,52.17,15.60,0.06509,0.00184
8200,253.25,106.04,59.20,17.65,0.06487,0.00183
8252,253.25,118.49,65.84,19.54,0.06482,0.00183
8303,293.33,132.97,73.62,21.77,0.06470,0.00182
8353,293.33,146.78,80.89,23.81,0.06451,0.00182
8403,293.33,160.02,87.68,25.67,0.06432,0.00181
8461,293.33,173.45,94.24,27.35,0.06477,0.00183
8512,309.66,186.78,100.82,29.07,0.06464,0.00182
8562,309.66,199.45,106.91,30.61,0.06445,0.00182
8612,309.66,211.57,112.56,31.97,0.06427,0.00181
8664,309.66,223.39,117.84,33.18,0.06425,0.00181
8715,312.20,234.76,122.77,34.26,0.06416,0.00181
8765,312.20,245.50,127.27,35.19,0.06400,0.00180
8815,312.20,255.75,131.38,35.97,0.06384,0.00180
8867,312.20,265.80,135.18,36.62,0.06386,0.00180
8918,313.64,275.35,138.64,37.15,0.06379,0.00180
8973,313.64,284.99,141.88,37.55,0.06403,0.00181
9023,313.64,293.51,144.60,37.84,0.06388,0.00180
9075,313.64,301.88,147.06,38.00,0.06389,0.00180
9126,328.48,310.65,149.74,38.25,0.06383,0.00180
9176,328.48,318.84,152.05,38.38,0.06369,0.00180
9226,328.48,326.61,154.05,38.41,0.06356,0.00179
9278,328.48,334.28,155.80,38.33,0.06360,0.00179
9329,330.86,341.55,157.32,38.18,0.06355,0.00179
9379,330.86,348.29,158.50,37.94,0.06344,0.00179
9429,330.86,354.65,159.42,37.60,0.06333,0.00179
9481,330.86,360.95,160.12,37.18,0.06338,0.00179
9539,320.59,367.13,160.34,36.53,0.06389,0.00180
9589,320.59,371.71,160.03,35.81,0.06375,0.00180
9639,320.59,375.99,159.52,35.03,0.06363,0.00179
9691,320.59,380.28,158.86,34.19,0.06366,0.00180
9742,221.88,377.83,154.11,31.99,0.06362,0.00179
9792,221.88,375.18,149.34,29.83,0.06351,0.00179
9842,221.88,372.49,144.59,27.72,0.06340,0.00179
9894,221.88,370.01,139.88,25.63,0.06345,0.00179
9945,183.25,364.87,133.65,23.08,0.06343,0.00179
9995,183.25,359.66,127.50,20.60,0.06333,0.00179
10050,183.25,355.03,121.48,18.18,0.06362,0.00179
10102,183.25,350.03,115.47,15.82,0.06366,0.00180
10153,117.54,340.78,106.98,12.67,0.06362,0.00179
10203,117.54,331.62,98.71,9.65,0.06351,0.00179
10253,117.54,322.68,90.68,6.76,0.06341,0.00179
10305,117.54,314.09,82.87,3.99,0.06346,0.00179
10356,80.20,303.22,73.81,0.85,0.06344,0.00179
10406,80.20,292.55,65.04,-2.14,0.06334,0.00179
10456,80.20,282.16,56.57,-4.98,0.06325,0.00178
10508,80.20,272.12,48.36,-7.68,0.06332,0.00179
10559,67.45,261.47,39.92,-10.41,0.06330,0.00179
10616,67.45,251.21,31.66,-13.01,0.06375,0.00180
10666,67.45,240.99,23.78,-15.47,0.06363,0.00179
10718,67.45,231.08,16.15,-17.78,0.06367,0.00180
10769,49.51,220.27,8.13,-20.20,0.06363,0.00179
10819,49.51,209.78,0.45,-22.46,0.06352,0.00179
10869,49.51,199.61,-6.90,-24.57,0.06342,0.00179
10921,49.51,189.72,-14.01,-26.55,0.06347,0.00179
10972,33.84,179.13,-21.39,-28.60,0.06345,0.00179
11022,33.84,168.89,-28.42,-30.50,0.06335,0.00179
11072,33.84,158.98,-35.13,-32.25,0.06326,0.00178
11129,33.84,149.08,-41.77,-33.88,0.06370,0.00180
11180,38.21,139.99,-47.74,-35.32,0.06366,0.00180
11230,38.21,131.25,-53.37,-36.63,0.06354,0.00179
11280,38.21,122.80,-58.71,-37.82,0.06343,0.00179
11332,38.21,114.52,-63.85,-38.90,0.06348,0.00179
11383,73.82,108.84,-67.29,-39.39,0.06345,0.00179
11433,73.82,103.43,-70.48,-39.80,0.06335,0.00179
11483,73.82,98.21,-73.48,-40.15,0.06325,0.00178
11535,73.82,93.03,-76.36,-40.42,0.06331,0.00179
11586,120.28,91.06,-77.22,-40.01,0.06329,0.00178
11643,120.28,88.74,-78.18,-39.56,0.06373,0.00180
11693,120.28,87.04,-78.78,-39.09,0.06361,0.00179
11745,120.28,85.27,-79.36,-38.60,0.06364,0.00179
11796,280.91,93.88,-73.55,-35.97,0.06360,0.00179
11846,280.91,102.26,-67.95,-33.46,0.06348,0.00179
11896,280.91,110.36,-62.56,-31.07,0.06337,0.00179
11948,280.91,118.09,-57.44,-28.78,0.06342,0.00179
11999,336.37,129.15,-50.33,-25.88,0.06338,0.00179
12049,336.37,139.87,-43.51,-23.13,0.06328,0.00178
12099,336.37,150.22,-37.00,-20.53,0.06318,0.00178
12156,336.37,160.06,-30.85,-18.05,0.06362,0.00179
12207,373.97,172.16,-23.40,-15.21,0.06357,0.00179
12257,373.97,183.85,-16.29,-12.55,0.06345,0.00179
12307,373.97,195.12,-9.54,-10.05,0.06334,0.00179
12359,373.97,205.97,-3.12,-7.69,0.06338,0.00179
12410,385.56,217.19,3.45,-5.34,0.06335,0.00179
12460,385.56,227.99,9.67,-3.14,0.06324,0.00178
12510,385.56,238.39,15.57,-1.09,0.06314,0.00178
12562,385.56,248.45,21.16,0.83,0.06320,0.00178
12613,393.84,258.65,26.77,2.71,0.06317,0.00178
12663,393.84,268.43,32.05,4.46,0.06308,0.00178
12720,393.84,278.11,37.10,6.08,0.06351,0.00179
12772,393.84,287.28,41.83,7.58,0.06354,0.00179
12823,399.13,296.39,46.46,9.02,0.06349,0.00179
12873,399.13,305.09,50.79,10.33,0.06337,0.00179
12923,399.13,313.43,54.84,11.53,0.06326,0.00178
12975,399.13,321.54,58.64,12.61,0.06331,0.00179
13026,402.72,329.49,62.30,13.63,0.06327,0.00178
13076,402.72,337.05,65.68,14.55,0.06317,0.00178
13126,402.72,344.29,68.80,15.36,0.06307,0.00178
13178,402.72,351.35,71.71,16.08,0.06312,0.00178
13234,408.02,358.73,74.65,16.77,0.06348,0.00179
13284,408.02,365.37,77.25,17.37,0.06336,0.00179
13334,408.02,371.71,79.61,17.87,0.06324,0.00178
13386,408.02,377.90,81.78,18.29,0.06329,0.00178
13437,411.70,383.97,83.85,18.68,0.06325,0.00178
13487,411.70,389.67,85.69,18.99,0.06314,0.00178
13537,411.70,395.10,87.32,19.22,0.06304,0.00178
13589,411.70,400.42,88.78,19.37,0.06310,0.00178
13640,374.65,403.06,88.61,18.98,0.06308,0.00178
13690,374.65,405.45,88.29,18.55,0.06298,0.00178
13740,374.65,407.67,87.87,18.09,0.06289,0.00177
13798,374.65,410.38,87.45,17.59,0.06341,0.00179
13849,391.19,413.36,87.43,17.28,0.06337,0.00179
13899,391.19,416.07,87.27,16.93,0.06325,0.00178
13949,391.19,418.61,86.99,16.55,0.06314,0.00178
14001,391.19,421.14,86.62,16.13,0.06319,0.00178
14052,397.77,423.82,86.37,15.77,0.06316,0.00178
14102,397.77,426.24,86.00,15.38,0.06306,0.00178
14152,397.77,428.49,85.51,14.95,0.06296,0.00178
14204,397.77,430.74,84.93,14.49,0.06302,0.00178
14255,393.41,432.47,84.07,13.95,0.06301,0.00178
14310,393.41,434.35,83.15,13.37,0.06329,0.00178
14360,393.41,435.67,82.09,12.79,0.06318,0.00178
14412,393.41,437.01,80.96,12.18,0.06323,0.00178
14463,395.21,438.25,79.81,11.58,0.06319,0.00178
14513,395.21,439.29,78.58,10.96,0.06309,0.00178
14563,395.21,440.21,77.28,10.34,0.06299,0.00178
14615,395.21,441.15,75.94,9.70,0.06305,0.00178
14666,382.75,441.11,74.04,8.88,0.06303,0.00178
14716,382.75,440.92,72.10,8.08,0.06294,0.00177
14766,382.75,440.65,70.14,7.27,0.06285,0.00177
14818,382.75,440.43,68.16,6.47,0.06292,0.00177
14876,330.86,437.19,64.15,4.98,0.06343,0.00179
14926,330.86,433.47,60.17,3.54,0.06331,0.00179
14976,330.86,429.81,56.28,2.16,0.06320,0.00178
15028,330.86,426.29,52.47,0.83,0.06325,0.00178
15079,295.62,420.54,47.37,-0.91,0.06321,0.00178
15129,295.62,414.88,42.43,-2.58,0.06311,0.00178
15179,295.62,409.35,37.64,-4.16,0.06301,0.00178
15231,295.62,404.00,32.98,-5.67,0.06307,0.00178
15282,136.59,388.71,22.36,-9.18,0.06305,0.00178
15332,136.59,373.88,12.18,-12.48,0.06295,0.00178
15387,136.59,359.48,2.33,-15.59,0.06324,0.00178
15439,136.59,345.47,-7.08,-18.51,0.06328,0.00178
15490,41.01,325.86,-19.74,-22.49,0.06325,0.00178
15540,41.01,306.92,-31.78,-26.20,0.06314,0.00178
15590,41.01,288.64,-43.24,-29.65,0.06304,0.00178
15642,41.01,270.87,-54.22,-32.85,0.06309,0.00178
15693,5.59,251.51,-65.98,-36.28,0.06307,0.00178
15743,5.59,232.89,-77.10,-39.44,0.06297,0.00178
15793,5.59,214.94,-87.63,-42.35,0.06289,0.00177
15845,5.59,197.43,-97.69,-45.02,0.06295,0.00178
15896,4.19,180.55,-107.20,-47.47,0.06294,0.00177
15953,4.19,163.58,-116.48,-49.70,0.06338,0.00179
16003,4.19,147.98,-124.88,-51.71,0.06326,0.00178
16055,4.19,132.73,-132.86,-53.51,0.06330,0.00179
16106,3.62,118.15,-140.31,-55.11,0.06327,0.00178
16156,3.62,104.28,-147.20,-56.52,0.06316,0.00178
16206,3.62,90.97,-153.60,-57.73,0.06305,0.00178
16258,3.62,77.90,-159.65,-58.77,0.06311,0.00178
16309,3.29,65.49,-165.20,-59.64,0.06309,0.00178
16359,3.29,53.76,-170.25,-60.34,0.06299,0.00178
16409,3.29,42.54,-174.87,-60.88,0.06290,0.00177
16466,3.29,30.63,-179.47,-61.27,0.06334,0.00179
16517,2.79,20.22,-183.31,-61.51,0.06330,0.00179
16567,2.79,10.46,-186.70,-61.62,0.06319,0.00178
16617,2.79,1.16,-189.72,-61.59,0.06308,0.00178
16669,2.79,-8.06,-192.47,-61.44,0.06314,0.00178
16720,2.63,-16.66,-194.82,-61.17,0.06311,0.00178
16770,2.63,-24.64,-196.76,-60.79,0.06301,0.00178
16820,2.63,-32.22,-198.37,-60.31,0.06292,0.00177
16872,2.63,-39.76,-199.77,-59.72,0.06298,0.00178
16923,2.55,-46.72,-200.80,-59.03,0.06297,0.00178
16980,2.55,-54.40,-201.82,-58.24,0.06340,0.00179
17030,2.55,-60.32,-202.14,-57.36,0.06328,0.00178
17082,2.55,-66.26,-202.29,-56.39,0.06332,0.00179
17133,2.47,-71.64,-202.11,-55.36,0.06329,0.00178
17183,2.47,-76.49,-201.64,-54.26,0.06317,0.00178
17233,2.47,-81.02,-200.93,-53.09,0.06307,0.00178
17285,2.47,-85.61,-200.07,-51.87,0.06312,0.00178
17336,2.63,-89.66,-198.93,-50.58,0.06310,0.00178
17386,2.63,-93.23,-197.54,-49.25,0.06300,0.00178
17436,2.63,-96.51,-195.94,-47.87,0.06291,0.00177
17488,2.63,-99.88,-194.24,-46.44,0.06297,0.00178
17544,2.22,-103.67,-192.48,-44.96,0.06333,0.00179
17594,2.22,-106.04,-190.27,-43.45,0.06322,0.00178
17644,2.22,-108.17,-187.92,-41.91,0.06311,0.00178
17696,2.22,-110.41,-185.47,-40.34,0.06316,0.00178
17747,2.38,-112.20,-182.82,-38.74,0.06313,0.00178
17797,2.38,-113.58,-180.01,-37.13,0.06303,0.00178
17847,2.38,-114.76,-177.07,-35.50,0.06294,0.00177
17899,2.38,-116.06,-174.07,-33.85,0.06300,0.00178
17950,2.14,-116.97,-170.91,-32.20,0.06298,0.00178
18000,2.14,-117.53,-167.63,-30.53,0.06289,0.00177
18057,2.14,-118.94,-164.38,-28.84,0.06333,0.00179
18109,2.14,-119.31,-160.88,-27.14,0.06337,0.00179
18160,2.38,-119.32,-157.25,-25.44,0.06333,0.00179
18210,2.38,-119.03,-153.53,-23.74,0.06321,0.00178
18260,2.38,-118.58,-149.75,-22.05,0.06311,0.00178
18312,2.38,-118.27,-145.95,-20.37,0.06316,0.00178
18363,2.30,-117.65,-142.06,-18.70,0.06313,0.00178
18413,2.30,-116.77,-138.12,-17.04,0.06303,0.00178
18463,2.30,-115.77,-134.14,-15.40,0.06293,0.00177
18515,2.30,-114.89,-130.14,-13.77,0.06300,0.00178
18575,2.71,-114.73,-126.10,-12.12,0.06365,0.00180
18625,2.71,-113.19,-121.92,-10.49,0.06352,0.00179
18675,2.71,-111.57,-117.74,-8.89,0.06339,0.00179
18727,2.71,-110.07,-113.55,-7.31,0.06342,0.00179
18778,1.97,-108.40,-109.37,-5.77,0.06338,0.00179
18828,1.97,-106.55,-105.20,-4.25,0.06326,0.00178
18878,1.97,-104.63,-101.04,-2.77,0.06315,0.00178
18930,1.97,-102.82,-96.88,-1.31,0.06319,0.00178
18981,2.14,-100.82,-92.72,0.13,0.06316,0.00178
19031,2.14,-98.67,-88.58,1.53,0.06306,0.00178
19088,2.14,-96.99,-84.40,2.92,0.06348,0.00179
19140,2.14,-94.81,-80.25,4.28,0.06351,0.00179
19191,1.89,-92.50,-76.13,5.60,0.06346,0.00179
19241,1.89,-90.08,-72.07,6.89,0.06333,0.00179
19291,1.89,-87.63,-68.05,8.13,0.06321,0.00178
19343,1.89,-85.27,-64.04,9.35,0.06326,0.00178
19394,1.48,-82.84,-60.10,10.53,0.06322,0.00178
19444,1.48,-80.32,-56.22,11.67,0.06311,0.00178
19494,1.48,-77.79,-52.39,12.77,0.06301,0.00178
19546,1.48,-75.32,-48.58,13.84,0.06306,0.00178
19597,0.90,-72.82,-44.85,14.86,0.06304,0.00178
19652,0.90,-70.44,-41.10,15.86,0.06332,0.00179
19702,0.90,-67.84,-37.48,16.82,0.06320,0.00178
19754,0.90,-65.30,-33.89,17.74,0.06325,0.00178
19805,1.56,-62.67,-30.34,18.64,0.06321,0.00178
19855,1.56,-60.02,-26.89,19.50,0.06310,0.00178
19905,1.56,-57.37,-23.50,20.32,0.06300,0.00178
19957,1.56,-54.78,-20.13,21.10,0.06306,0.00178
20008,1.15,-52.19,-16.87,21.84,0.06303,0.00178
20058,1.15,-49.59,-13.70,22.55,0.06294,0.00177
20108,1.15,-47.02,-10.61,23.21,0.06285,0.00177
20166,1.15,-44.51,-7.38,23.85,0.06337,0.00179
20217,1.15,-41.94,-4.39,24.46,0.06332,0.00179
20267,1.15,-39.39,-1.50,25.02,0.06321,0.00178
20317,1.15,-36.88,1.31,25.55,0.06310,0.00178
20369,1.15,-34.38,4.10,26.05,0.06315,0.00178
20420,1.40,-31.89,6.79,26.51,0.06312,0.00178
20470,1.40,-29.45,9.38,26.94,0.06302,0.00178
20520,1.40,-27.03,11.89,27.34,0.06293,0.00177
20572,1.40,-24.63,14.38,27.70,0.06299,0.00178
20623,1.48,-22.26,16.76,28.03,0.06297,0.00178
20673,1.48,-19.95,19.04,28.33,0.06288,0.00177
20728,1.48,-17.58,21.38,28.59,0.06317,0.00178
20780,1.48,-15.30,23.55,28.83,0.06322,0.00178
20831,1.07,-13.10,25.61,29.02,0.06319,0.00178
20881,1.07,-10.97,27.55,29.19,0.06308,0.00178
20931,1.07,-8.89,29.42,29.33,0.06298,0.00178
20983,1.07,-6.79,31.27,29.44,0.06304,0.00178
21034,0.90,-4.78,33.00,29.52,0.06302,0.00178
21084,0.90,-2.84,34.63,29.57,0.06293,0.00177
21134,0.90,-0.95,36.18,29.60,0.06284,0.00177
21186,0.90,0.97,37.72,29.60,0.06291,0.00177
21237,0.90,2.81,39.15,29.57,0.06290,0.00177
21287,0.90,4.56,40.48,29.52,0.06282,0.00177
21344,0.90,6.53,41.93,29.44,0.06326,0.00178
21396,0.90,8.25,43.16,29.34,0.06330,0.00179
21447,0.90,9.89,44.29,29.21,0.06327,0.00178
21497,0.90,11.43,45.32,29.06,0.06316,0.00178
21547,0.90,12.92,46.28,28.90,0.06306,0.00178
21599,0.90,14.45,47.22,28.71,0.06311,0.00178
21650,0.90,15.89,48.07,28.50,0.06309,0.00178
21700,0.90,17.23,48.83,28.27,0.06299,0.00178
21750,0.90,18.53,49.52,28.03,0.06290,0.00177
21802,0.90,19.87,50.20,27.76,0.06296,0.00178
21853,0.82,21.10,50.79,27.48,0.06295,0.00178
21908,0.82,22.47,51.41,27.18,0.06324,0.00178
21958,0.82,23.55,51.83,26.86,0.06313,0.00178
22010,0.82,24.67,52.25,26.53,0.06318,0.00178
22061,1.07,25.71,52.59,26.18,0.06315,0.00178
22111,1.07,26.65,52.85,25.83,0.06305,0.00178
22161,1.07,27.54,53.06,25.46,0.06296,0.00178
22213,1.07,28.49,53.26,25.08,0.06302,0.00178
22264,0.90,29.33,53.37,24.68,0.06300,0.00178
22314,0.90,30.07,53.42,24.28,0.06291,0.00177
22364,0.90,30.77,53.41,23.86,0.06282,0.00177
22416,0.90,31.53,53.40,23.44,0.06289,0.00177
22474,1.07,32.53,53.46,23.00,0.06341,0.00179
22524,1.07,33.07,53.29,22.55,0.06329,0.00178
22574,1.07,33.57,53.08,22.09,0.06318,0.00178
22626,1.07,34.13,52.87,21.63,0.06323,0.00178
22677,0.99,34.59,52.59,21.16,0.06319,0.00178
22727,0.99,34.96,52.26,20.69,0.06309,0.00178
22777,0.99,35.29,51.89,20.21,0.06299,0.00178
22829,0.99,35.68,51.52,19.73,0.06305,0.00178
22880,0.90,35.97,51.09,19.24,0.06303,0.00178
22930,0.90,36.18,50.60,18.75,0.06294,0.00177
22980,0.90,36.36,50.09,18.26,0.06285,0.00177
23037,0.90,36.82,49.66,17.76,0.06329,0.00178
23088,1.07,36.95,49.08,17.25,0.06326,0.00178
23138,1.07,37.00,48.47,16.75,0.06315,0.00178
23188,1.07,37.03,47.84,16.25,0.06305,0.00178
23240,1.07,37.11,47.20,15.75,0.06310,0.00178
23291,1.15,37.12,46.53,15.25,0.06308,0.00178
23341,1.15,37.05,45.82,14.75,0.06298,0.00178
23391,1.15,36.96,45.10,14.25,0.06289,0.00177
23443,1.15,36.92,44.37,13.76,0.06296,0.00178
23494,1.23,36.81,43.62,13.26,0.06294,0.00177
23544,1.23,36.63,42.84,12.77,0.06285,0.00177
23601,1.23,36.70,42.10,12.27,0.06330,0.00178
23653,1.23,36.52,41.29,11.78,0.06333,0.00179
23704,0.99,36.26,40.44,11.29,0.06330,0.00178
23754,0.99,35.93,39.57,10.80,0.06318,0.00178
23804,0.99,35.60,38.69,10.32,0.06308,0.00178
23856,0.99,35.31,37.81,9.84,0.06313,0.00178
23907,1.07,34.97,36.92,9.36,0.06311,0.00178
23957,1.07,34.57,36.02,8.90,0.06301,0.00178
24007,1.07,34.16,35.11,8.44,0.06291,0.00177
24059,1.07,33.80,34.21,7.98,0.06298,0.00178
24110,1.15,33.39,33.30,7.54,0.06296,0.00178
24165,1.15,33.08,32.40,7.09,0.06325,0.00178
24215,1.15,32.59,31.46,6.65,0.06314,0.00178
24267,1.15,32.14,30.54,6.22,0.06319,0.00178
24318,1.23,31.66,29.60,5.79,0.06316,0.00178
24368,1.23,31.13,28.67,5.38,0.06305,0.00178
24418,1.23,30.60,27.73,4.97,0.06296,0.00178
24470,1.23,30.10,26.81,4.57,0.06302,0.00178
24521,1.23,29.57,25.88,4.17,0.06300,0.00178
24571,1.23,29.01,24.95,3.79,0.06291,0.00177
24621,1.23,28.44,24.03,3.41,0.06282,0.00177
24673,1.23,27.90,23.12,3.04,0.06289,0.00177
24724,1.07,27.32,22.20,2.67,0.06288,0.00177
24781,1.07,26.85,21.29,2.31,0.06332,0.00179
24831,1.07,26.22,20.37,1.96,0.06321,0.00178
24883,1.07,25.62,19.47,1.62,0.06325,0.00178
24934,1.32,25.02,18.57,1.29,0.06322,0.00178
24984,1.32,24.39,17.69,0.97,0.06311,0.00178
25034,1.32,23.77,16.82,0.65,0.06301,0.00178
25086,1.32,23.17,15.96,0.35,0.06307,0.00178
25137,1.32,22.56,15.10,0.05,0.06305,0.00178
25187,1.32,21.93,14.26,-0.23,0.06295,0.00178
25237,1.32,21.30,13.43,-0.51,0.06287,0.00177
25289,1.32,20.70,12.62,-0.78,0.06293,0.00177
25345,0.90,20.11,11.78,-1.05,0.06329,0.00178
25395,0.90,19.44,10.97,-1.31,0.06318,0.00178
25445,0.90,18.79,10.17,-1.56,0.06308,0.00178
25497,0.90,18.15,9.38,-1.80,0.06313,0.00178
25548,1.07,17.52,8.61,-2.03,0.06311,0.00178
25598,1.07,16.88,7.86,-2.25,0.06301,0.00178
25648,1.07,16.25,7.13,-2.46,0.06291,0.00177
25700,1.07,15.64,6.41,-2.66,0.06298,0.00178
25751,0.90,15.02,5.69,-2.86,0.06296,0.00178
25801,0.90,14.39,5.00,-3.04,0.06287,0.00177
25851,0.90,13.78,4.32,-3.22,0.06279,0.00177
25909,0.90,13.19,3.63,-3.39,0.06331,0.00179
25960,0.66,12.57,2.96,-3.56,0.06327,0.00178
26010,0.66,11.95,2.32,-3.72,0.06316,0.00178
26060,0.66,11.34,1.70,-3.87,0.06306,0.00178
26112,0.66,10.75,1.08,-4.01,0.06312,0.00178
26163,0.90,10.17,0.50,-4.14,0.06309,0.00178
26213,0.90,9.61,-0.07,-4.26,0.06299,0.00178
26263,0.90,9.05,-0.61,-4.37,0.06290,0.00177
26315,0.90,8.50,-1.15,-4.48,0.06297,0.00178
26366,0.74,7.95,-1.67,-4.58,0.06295,0.00178
26416,0.74,7.42,-2.18,-4.67,0.06286,0.00177
26466,0.74,6.89,-2.66,-4.76,0.06278,0.00177
26523,0.74,6.35,-3.16,-4.83,0.06323,0.00178
26574,0.66,5.83,-3.62,-4.91,0.06320,0.00178
26624,0.66,5.33,-4.06,-4.97,0.06309,0.00178
26674,0.66,4.84,-4.48,-5.03,0.06299,0.00178
26726,0.66,4.35,-4.89,-5.08,0.06305,0.00178
26777,0.66,3.88,-5.28,-5.13,0.06303,0.00178
26827,0.66,3.42,-5.65,-5.17,0.06294,0.00177
26877,0.66,2.98,-6.01,-5.20,0.06285,0.00177
26929,0.66,2.53,-6.35,-5.22,0.06292,0.00177
26980,1.64,2.17,-6.64,-5.23,0.06291,0.00177
27030,1.64,1.82,-6.91,-5.23,0.06282,0.00177
27087,1.64,1.43,-7.20,-5.23,0.06327,0.00178
27139,1.64,1.09,-7.45,-5.22,0.06331,0.00179
27190,2.71,0.83,-7.64,-5.20,0.06327,0.00178
27240,2.71,0.58,-7.81,-5.17,0.06316,0.00178
27290,2.71,0.35,-7.97,-5.13,0.06306,0.00178
27342,2.71,0.10,-8.13,-5.10,0.06312,0.00178
27393,1.48,-0.21,-8.32,-5.07,0.06309,0.00178
27443,1.48,-0.50,-8.49,-5.05,0.06299,0.00178
27493,1.48,-0.78,-8.65,-5.01,0.06290,0.00177
27545,1.48,-1.06,-8.81,-4.98,0.06297,0.00178
27596,-0.08,-1.43,-9.01,-4.96,0.06295,0.00178
27651,-0.08,-1.81,-9.21,-4.94,0.06324,0.00178
27701,-0.08,-2.14,-9.37,-4.91,0.06313,0.00178
27753,-0.08,-2.47,-9.53,-4.87,0.06318,0.00178
27804,-0.82,-2.83,-9.69,-4.85,0.06315,0.00178
27854,-0.82,-3.16,-9.84,-4.81,0.06305,0.00178
27904,-0.82,-3.48,-9.97,-4.78,0.06295,0.00178
27956,-0.82,-3.81,-10.10,-4.73,0.06302,0.00178
28007,-0.41,-4.08,-10.19,-4.68,0.06300,0.00178
28057,-0.41,-4.33,-10.26,-4.63,0.06291,0.00177
28107,-0.41,-4.57,-10.33,-4.57,0.06282,0.00177
28159,-0.41,-4.82,-10.38,-4.51,0.06289,0.00177
28217,-0.66,-5.13,-10.46,-4.45,0.06341,0.00179
28267,-0.66,-5.34,-10.49,-4.38,0.06329,0.00178
28317,-0.66,-5.54,-10.51,-4.31,0.06318,0.00178
28369,-0.66,-5.75,-10.52,-4.24,0.06322,0.00178
28420,-0.74,-5.94,-10.53,-4.17,0.06319,0.00178
28470,-0.74,-6.11,-10.51,-4.10,0.06309,0.00178
28520,-0.74,-6.27,-10.49,-4.02,0.06299,0.00178
28572,-0.74,-6.44,-10.47,-3.94,0.06305,0.00178
28623,-0.82,-6.59,-10.43,-3.86,0.06303,0.00178
28673,-0.82,-6.72,-10.38,-3.78,0.06293,0.00177
28723,-0.82,-6.84,-10.33,-3.69,0.06284,0.00177
28780,-0.82,-7.02,-10.28,-3.61,0.06329,0.00178
28831,-0.49,-7.10,-10.19,-3.51,0.06325,0.00178
28881,-0.49,-7.16,-10.10,-3.42,0.06314,0.00178
28931,-0.49,-7.22,-9.99,-3.33,0.06304,0.00178
28983,-0.49,-7.29,-9.89,-3.23,0.06309,0.00178
29034,-0.66,-7.34,-9.78,-3.14,0.06307,0.00178
29084,-0.66,-7.39,-9.66,-3.05,0.06297,0.00178
29134,-0.66,-7.42,-9.53,-2.95,0.06288,0.00177
29186,-0.66,-7.46,-9.41,-2.86,0.06295,0.00178
29237,-0.66,-7.49,-9.28,-2.76,0.06294,0.00177
29287,-0.66,-7.49,-9.13,-2.67,0.06285,0.00177
29344,-0.66,-7.55,-9.00,-2.57,0.06329,0.00178
29396,-0.66,-7.56,-8.85,-2.47,0.06333,0.00179
29447,-0.74,-7.55,-8.70,-2.38,0.06329,0.00178
29497,-0.74,-7.53,-8.54,-2.28,0.06318,0.00178
29547,-0.74,-7.51,-8.37,-2.19,0.06307,0.00178
29599,-0.74,-7.49,-8.21,-2.10,0.06313,0.00178
29650,-0.58,-7.45,-8.04,-2.00,0.06310,0.00178
29700,-0.58,-7.39,-7.86,-1.91,0.06300,0.00178
29750,-0.58,-7.34,-7.68,-1.81,0.06291,0.00177
29802,-0.58,-7.29,-7.50,-1.72,0.06297,0.00178
29853,-0.90,-7.25,-7.32,-1.63,0.06296,0.00178
29908,-0.90,-7.22,-7.15,-1.54,0.06324,0.00178
29958,-0.90,-7.16,-6.97,-1.45,0.06313,0.00178
30010,-0.90,-7.11,-6.79,-1.37,0.06318,0.00178
