Time [s],Time Change [s],Baro_P [m],Kalman_P [m],Kalman_V [m/s],Kalman_A [m/s^2],Kalman_Gain_P,Kalman_Uncertainty_P
150,0.0500,0.00,0.00,0.00,0.00,0.78047,0.02201
201,0.0510,0.00,0.00,0.00,0.00,0.44255,0.01248
253,0.0520,0.00,0.00,0.00,0.00,0.31751,0.00895
304,0.0510,-0.41,-0.11,-0.12,-0.02,0.25849,0.00729
354,0.0500,-0.41,-0.18,-0.23,-0.03,0.22891,0.00646
404,0.0500,-0.41,-0.24,-0.32,-0.05,0.21520,0.00607
456,0.0520,-0.41,-0.29,-0.40,-0.07,0.21173,0.00597
507,0.0510,-0.25,-0.30,-0.37,-0.06,0.21180,0.00597
564,0.0570,-0.25,-0.30,-0.34,-0.05,0.21853,0.00616
614,0.0500,-0.25,-0.30,-0.30,-0.04,0.21834,0.00616
666,0.0520,-0.25,-0.30,-0.27,-0.02,0.21940,0.00619
717,0.0510,-0.33,-0.32,-0.27,-0.03,0.21855,0.00616
767,0.0500,-0.33,-0.33,-0.27,-0.02,0.21612,0.00609
817,0.0500,-0.33,-0.34,-0.27,-0.02,0.21329,0.00601
869,0.0520,-0.33,-0.35,-0.25,-0.01,0.21166,0.00597
920,0.0510,-0.33,-0.36,-0.24,-0.00,0.20882,0.00589
970,0.0500,-0.33,-0.36,-0.22,0.01,0.20521,0.00579
1020,0.0500,-0.33,-0.36,-0.20,0.02,0.20184,0.00569
1077,0.0570,-0.33,-0.36,-0.19,0.03,0.20335,0.00573
1128,0.0510,-0.25,-0.35,-0.13,0.07,0.20017,0.00564
1178,0.0500,-0.25,-0.33,-0.09,0.10,0.19672,0.00555
1228,0.0500,-0.25,-0.32,-0.05,0.13,0.19380,0.00547
1280,0.0520,-0.25,-0.31,-0.01,0.15,0.19256,0.00543
1331,0.0510,-0.25,-0.30,0.02,0.17,0.19082,0.00538
1381,0.0500,-0.25,-0.29,0.05,0.19,0.18870,0.00532
1431,0.0500,-0.25,-0.28,0.07,0.20,0.18691,0.00527
1483,0.0520,-0.25,-0.27,0.09,0.21,0.18656,0.00526
1534,0.0510,-0.41,-0.29,0.05,0.16,0.18556,0.00523
1591,0.0570,-0.41,-0.31,0.01,0.12,0.18813,0.00531
1641,0.0500,-0.41,-0.33,-0.02,0.09,0.18586,0.00524
1693,0.0520,-0.41,-0.34,-0.04,0.07,0.18498,0.00522
1744,0.0510,0.16,-0.25,0.14,0.22,0.18344,0.00517
1794,0.0500,0.16,-0.17,0.29,0.33,0.18137,0.00511
1844,0.0500,0.16,-0.10,0.41,0.42,0.17943,0.00506
1896,0.0520,0.16,-0.03,0.51,0.48,0.17866,0.00504
1947,0.0510,-0.25,-0.05,0.46,0.42,0.17717,0.00500
1997,0.0500,-0.25,-0.06,0.41,0.37,0.17511,0.00494
2047,0.0500,-0.25,-0.08,0.37,0.32,0.17311,0.00488
2104,0.0570,-0.25,-0.09,0.33,0.27,0.17465,0.00493
2155,0.0510,-0.16,-0.09,0.32,0.25,0.17251,0.00486
2205,0.0500,-0.16,-0.09,0.30,0.24,0.16991,0.00479
2255,0.0500,-0.16,-0.09,0.29,0.22,0.16745,0.00472
2307,0.0520,-0.16,-0.09,0.27,0.20,0.16599,0.00468
2358,0.0510,-0.25,-0.10,0.24,0.17,0.16398,0.00462
2408,0.0500,-0.25,-0.12,0.21,0.14,0.16154,0.00456
2458,0.0500,-0.25,-0.13,0.18,0.12,0.15920,0.00449
2510,0.0520,-0.25,-0.14,0.15,0.10,0.15777,0.00445
2561,0.0510,-0.16,-0.14,0.15,0.09,0.15583,0.00439
2618,0.0570,-0.16,-0.13,0.15,0.08,0.15626,0.00441
2668,0.0500,-0.16,-0.13,0.14,0.08,0.15352,0.00433
2720,0.0520,-0.16,-0.13,0.14,0.07,0.15168,0.00428
2771,0.0510,-0.49,-0.18,0.06,0.03,0.14947,0.00422
2821,0.0500,-0.49,-0.22,-0.00,-0.01,0.14697,0.00414
2871,0.0500,-0.49,-0.26,-0.06,-0.04,0.14461,0.00408
2923,0.0520,-0.49,-0.30,-0.10,-0.07,0.14304,0.00403
2974,0.0510,-0.08,-0.27,-0.06,-0.05,0.14111,0.00398
3024,0.0500,-0.08,-0.25,-0.03,-0.03,0.13891,0.00392
3074,0.0500,-0.08,-0.23,-0.00,-0.01,0.13681,0.00386
3131,0.0570,-0.08,-0.21,0.02,0.00,0.13692,0.00386
3182,0.0510,-0.16,-0.20,0.03,0.01,0.13495,0.00381
3232,0.0500,-0.16,-0.19,0.03,0.01,0.13276,0.00374
3282,0.0500,-0.16,-0.19,0.04,0.01,0.13068,0.00369
3334,0.0520,-0.16,-0.18,0.04,0.01,0.12926,0.00365
3385,0.0510,0.08,-0.15,0.08,0.03,0.12756,0.00360
3435,0.0500,0.08,-0.12,0.12,0.05,0.12565,0.00354
3485,0.0500,0.08,-0.09,0.15,0.06,0.12384,0.00349
3537,0.0520,0.08,-0.06,0.17,0.07,0.12259,0.00346
3588,0.0510,0.00,-0.04,0.19,0.08,0.12110,0.00341
3645,0.0570,0.00,-0.03,0.19,0.08,0.12106,0.00341
3695,0.0500,0.00,-0.02,0.20,0.08,0.11919,0.00336
3747,0.0520,0.00,-0.01,0.21,0.08,0.11788,0.00332
3798,0.0510,-0.41,-0.04,0.16,0.06,0.11635,0.00328
3848,0.0500,-0.41,-0.08,0.12,0.04,0.11466,0.00323
3898,0.0500,-0.41,-0.11,0.08,0.02,0.11306,0.00319
3950,0.0520,-0.41,-0.14,0.04,0.01,0.11194,0.00316
4001,0.0510,0.16,-0.10,0.08,0.02,0.11062,0.00312
4051,0.0500,0.16,-0.07,0.11,0.03,0.10915,0.00308
4101,0.0500,0.16,-0.04,0.13,0.04,0.10773,0.00304
4158,0.0570,0.16,-0.01,0.16,0.05,0.10771,0.00304
4209,0.0510,0.00,-0.00,0.16,0.05,0.10642,0.00300
4259,0.0500,0.00,0.00,0.16,0.05,0.10499,0.00296
4309,0.0500,0.00,0.01,0.16,0.05,0.10363,0.00292
4361,0.0520,0.00,0.02,0.17,0.05,0.10268,0.00290
4412,0.0510,0.16,0.04,0.18,0.06,0.10156,0.00286
4462,0.0500,0.16,0.06,0.19,0.06,0.10031,0.00283
4512,0.0500,0.16,0.08,0.21,0.06,0.09911,0.00279
4564,0.0520,0.16,0.10,0.22,0.07,0.09828,0.00277
4615,0.0510,0.25,0.12,0.23,0.07,0.09729,0.00274
4665,0.0500,0.25,0.14,0.24,0.07,0.09618,0.00271
4722,0.0570,0.25,0.17,0.25,0.08,0.09617,0.00271
4774,0.0520,0.25,0.19,0.26,0.08,0.09531,0.00269
4825,0.0510,0.25,0.20,0.27,0.08,0.09432,0.00266
4875,0.0500,0.25,0.22,0.28,0.08,0.09321,0.00263
4925,0.0500,0.25,0.24,0.28,0.08,0.09215,0.00260
4977,0.0520,0.25,0.25,0.29,0.08,0.09141,0.00258
5028,0.0510,0.49,0.29,0.31,0.09,0.09054,0.00255
5078,0.0500,0.49,0.32,0.33,0.09,0.08956,0.00253
5128,0.0500,0.49,0.35,0.34,0.10,0.08863,0.00250
5180,0.0520,0.49,0.38,0.36,0.10,0.08798,0.00248
5236,0.0560,6.08,0.90,0.75,0.23,0.08786,0.00248
5286,0.0500,6.08,1.38,1.11,0.35,0.08691,0.00245
5336,0.0500,6.08,1.84,1.44,0.46,0.08601,0.00243
5388,0.0520,6.08,2.27,1.74,0.55,0.08539,0.00241
5439,0.0510,132.56,13.38,10.14,3.39,0.08465,0.00239
5489,0.0500,132.56,23.84,17.82,5.93,0.08382,0.00236
5539,0.0500,132.56,33.69,24.81,8.17,0.08302,0.00234
5591,0.0520,132.56,43.04,31.21,10.17,0.08248,0.00233
5642,0.0510,207.14,57.94,41.53,13.43,0.08183,0.00231
5692,0.0500,207.14,71.96,50.93,16.32,0.08109,0.00229
5749,0.0570,207.14,85.62,59.65,18.89,0.08115,0.00229
5801,0.0520,207.14,98.29,67.51,21.15,0.08060,0.00227
5852,0.0510,637.43,144.59,99.24,31.18,0.07996,0.00225
5902,0.0500,637.43,188.24,128.27,40.14,0.07923,0.00223
5952,0.0500,637.43,229.47,154.83,48.12,0.07853,0.00221
6004,0.0520,637.43,268.80,179.23,55.22,0.07806,0.00220
6055,0.0510,921.42,327.88,216.80,66.46,0.07750,0.00219
6105,0.0500,921.42,383.58,251.16,76.46,0.07686,0.00217
6155,0.0500,921.42,436.27,282.56,85.34,0.07624,0.00215
6212,0.0570,921.42,488.31,311.93,93.20,0.07634,0.00215
6263,0.0510,942.55,537.55,339.29,100.45,0.07580,0.00214
6313,0.0500,942.55,583.81,364.05,106.76,0.07519,0.00212
6363,0.0500,942.55,627.54,386.49,112.23,0.07460,0.00210
6415,0.0520,942.55,669.67,406.98,116.90,0.07423,0.00209
6466,0.0510,1194.60,727.75,437.72,124.80,0.07376,0.00208
6516,0.0500,1194.60,782.37,465.56,131.68,0.07322,0.00206
6566,0.0500,1194.60,834.08,490.81,137.61,0.07271,0.00205
6618,0.0520,1194.60,884.02,513.90,142.68,0.07239,0.00204
6676,0.0580,1003.78,920.59,526.43,144.04,0.07263,0.00205
6726,0.0500,1003.78,951.18,536.30,144.88,0.07210,0.00203
6776,0.0500,1003.78,980.01,544.73,145.26,0.07159,0.00202
6828,0.0520,1003.78,1008.19,552.07,145.19,0.07129,0.00201
6879,0.0510,1180.58,1046.75,566.04,147.28,0.07090,0.00200
6929,0.0500,1180.58,1082.65,578.17,148.79,0.07044,0.00199
6979,0.0500,1180.58,1116.57,588.69,149.77,0.07001,0.00197
7031,0.0520,1180.58,1149.70,597.95,150.24,0.06976,0.00197
7082,0.0510,997.08,1167.66,597.53,147.67,0.06943,0.00196
7137,0.0550,997.08,1186.60,596.70,144.81,0.06945,0.00196
7187,0.0500,997.08,1201.46,594.37,141.76,0.06904,0.00195
7239,0.0520,997.08,1216.36,591.54,138.50,0.06881,0.00194
7290,0.0510,829.82,1218.14,580.67,132.77,0.06851,0.00193
7340,0.0500,829.82,1218.90,569.49,127.06,0.06814,0.00192
7390,0.0500,829.82,1219.22,558.15,121.39,0.06778,0.00191
7442,0.0520,829.82,1220.11,546.82,115.73,0.06761,0.00191
7493,0.0510,650.20,1207.87,527.66,107.67,0.06736,0.00190
7543,0.0500,650.20,1195.23,508.71,99.84,0.06703,0.00189
7600,0.0570,650.20,1185.75,490.45,92.11,0.06729,0.00190
7652,0.0520,650.20,1173.71,471.93,84.59,0.06712,0.00189
7703,0.0510,353.01,1141.38,441.33,73.30,0.06688,0.00189
7753,0.0500,353.01,1109.59,411.71,62.52,0.06656,0.00188
7803,0.0500,353.01,1078.75,383.09,52.22,0.06627,0.00187
7855,0.0520,353.01,1049.41,355.45,42.36,0.06615,0.00187
7906,0.0510,200.10,1010.38,322.44,30.91,0.06595,0.00186
7956,0.0500,200.10,972.26,290.64,20.04,0.06569,0.00185
8006,0.0500,200.10,935.34,260.06,9.73,0.06544,0.00185
8063,0.0570,200.10,900.86,230.38,-0.16,0.06575,0.00185
8114,0.0510,101.31,859.42,197.79,-10.83,0.06557,0.00185
8164,0.0500,101.31,819.13,166.54,-20.91,0.06532,0.00184
8214,0.0500,101.31,780.17,136.58,-30.41,0.06508,0.00184
8266,0.0520,101.31,742.64,107.73,-39.38,0.06502,0.00183
8317,0.0510,72.56,704.26,78.94,-48.21,0.06488,0.00183
8367,0.0500,72.56,667.04,51.41,-56.50,0.06467,0.00182
8417,0.0500,72.56,631.05,25.08,-64.27,0.06447,0.00182
8469,0.0520,72.56,596.20,-0.29,-71.57,0.06444,0.00182
8527,0.0580,81.09,562.66,-24.84,-78.33,0.06487,0.00183
8577,0.0500,81.09,530.26,-47.71,-84.62,0.06466,0.00182
8627,0.0500,81.09,498.98,-69.52,-90.46,0.06446,0.00182
8679,0.0520,81.09,468.56,-90.51,-95.88,0.06443,0.00182
8730,0.0510,195.33,446.55,-105.93,-99.40,0.06432,0.00181
8780,0.0500,195.33,425.36,-120.53,-102.61,0.06415,0.00181
8830,0.0500,195.33,404.88,-134.40,-105.53,0.06399,0.00180
8882,0.0520,195.33,384.79,-147.79,-108.17,0.06399,0.00180
8933,0.0510,535.86,387.26,-147.11,-106.10,0.06391,0.00180
8988,0.0550,535.86,389.07,-146.81,-104.04,0.06414,0.00181
9038,0.0500,535.86,391.47,-145.98,-102.02,0.06398,0.00180
9090,0.0520,535.86,393.47,-145.35,-100.02,0.06398,0.00180
9141,0.0510,1110.59,432.24,-122.16,-90.52,0.06391,0.00180
9191,0.0500,1110.59,469.68,-100.02,-81.55,0.06377,0.00180
9241,0.0500,1110.59,505.68,-78.99,-73.10,0.06363,0.00179
9293,0.0520,1110.59,540.25,-59.09,-65.12,0.06366,0.00180
9344,0.0510,1157.38,576.61,-38.29,-56.99,0.06361,0.00179
9394,0.0500,1157.38,611.62,-18.52,-49.36,0.06349,0.00179
9451,0.0570,1157.38,645.44,0.04,-42.14,0.06391,0.00180
9503,0.0520,1157.38,678.11,17.87,-35.38,0.06392,0.00180
9554,0.0510,1006.68,699.90,28.86,-31.06,0.06386,0.00180
9604,0.0500,1006.68,720.77,39.22,-27.03,0.06373,0.00180
9654,0.0500,1006.68,740.76,48.92,-23.30,0.06360,0.00179
9706,0.0520,1006.68,760.03,57.96,-19.83,0.06364,0.00179
9757,0.0510,785.49,764.40,57.83,-19.53,0.06360,0.00179
9807,0.0500,785.49,768.42,57.56,-19.29,0.06348,0.00179
9857,0.0500,785.49,772.17,57.15,-19.10,0.06338,0.00179
9914,0.0570,785.49,776.04,56.45,-18.97,0.06381,0.00180
9965,0.0510,729.34,775.74,53.55,-19.63,0.06376,0.00180
10015,0.0500,729.34,775.27,50.66,-20.27,0.06364,0.00179
10065,0.0500,729.34,774.70,47.76,-20.91,0.06352,0.00179
10117,0.0520,729.34,774.12,44.81,-21.54,0.06357,0.00179
10168,0.0510,645.12,768.03,38.60,-23.28,0.06354,0.00179
10218,0.0500,645.12,762.02,32.58,-24.92,0.06343,0.00179
10268,0.0500,645.12,756.11,26.74,-26.48,0.06333,0.00179
10320,0.0520,645.12,750.34,20.99,-27.96,0.06339,0.00179
10378,0.0580,545.82,738.37,11.31,-30.70,0.06390,0.00180
10428,0.0500,545.82,726.58,2.23,-33.26,0.06377,0.00180
10478,0.0500,545.82,715.14,-6.49,-35.65,0.06365,0.00180
10530,0.0520,545.82,704.00,-14.94,-37.89,0.06369,0.00180
10581,0.0510,345.53,680.42,-30.83,-42.62,0.06365,0.00180
10631,0.0500,345.53,657.65,-45.95,-47.03,0.06354,0.00179
10681,0.0500,345.53,635.64,-60.35,-51.11,0.06344,0.00179
10733,0.0520,345.53,614.22,-74.17,-54.90,0.06349,0.00179
10784,0.0510,76.20,576.46,-97.75,-61.95,0.06346,0.00179
10839,0.0550,76.20,539.46,-120.50,-68.51,0.06374,0.00180
10889,0.0500,76.20,504.26,-141.75,-74.55,0.06362,0.00179
10941,0.0520,76.20,470.01,-162.04,-80.12,0.06366,0.00180
10992,0.0510,8.88,432.84,-183.78,-86.11,0.06362,0.00179
11042,0.0500,8.88,397.21,-204.22,-91.58,0.06351,0.00179
11092,0.0500,8.88,362.91,-223.49,-96.56,0.06341,0.00179
11144,0.0520,8.88,329.44,-241.82,-101.07,0.06346,0.00179
11195,0.0510,1.56,296.97,-259.23,-105.23,0.06343,0.00179
11245,0.0500,1.56,265.99,-275.44,-108.94,0.06333,0.00179
11302,0.0570,1.56,234.27,-291.36,-112.23,0.06377,0.00180
11354,0.0520,1.56,205.10,-305.69,-115.11,0.06380,0.00180
11405,0.0510,0.82,177.34,-318.92,-117.60,0.06375,0.00180
11455,0.0500,0.82,151.04,-331.05,-119.72,0.06362,0.00179
11505,0.0500,0.82,125.86,-342.22,-121.48,0.06351,0.00179
11557,0.0520,0.82,101.09,-352.71,-122.89,0.06355,0.00179
11608,0.0510,0.74,77.72,-362.17,-123.97,0.06351,0.00179
11658,0.0500,0.74,55.74,-370.64,-124.74,0.06340,0.00179
11713,0.0550,0.74,32.97,-378.85,-125.20,0.06368,0.00180
11765,0.0520,0.74,12.31,-385.84,-125.36,0.06370,0.00180
11816,0.0510,0.33,-7.03,-391.93,-125.26,0.06366,0.00180
11866,0.0500,0.33,-25.06,-397.14,-124.90,0.06353,0.00179
11916,0.0500,0.33,-42.19,-401.62,-124.31,0.06342,0.00179
11968,0.0520,0.33,-59.21,-405.62,-123.47,0.06346,0.00179
12019,0.0510,0.41,-74.95,-408.80,-122.41,0.06343,0.00179
12069,0.0500,0.41,-89.47,-411.20,-121.16,0.06332,0.00179
12119,0.0500,0.41,-103.19,-412.99,-119.71,0.06322,0.00178
12177,0.0580,0.41,-119.20,-414.96,-118.03,0.06372,0.00180
12228,0.0510,0.66,-131.53,-415.49,-116.17,0.06367,0.00180
12278,0.0500,0.66,-142.72,-415.36,-114.15,0.06354,0.00179
12328,0.0500,0.66,-153.21,-414.70,-112.00,0.06342,0.00179
12380,0.0520,0.66,-163.79,-413.72,-109.69,0.06346,0.00179
12431,0.0510,2.79,-173.12,-412.05,-107.23,0.06342,0.00179
12481,0.0500,2.79,-181.41,-409.81,-104.66,0.06331,0.00179
12531,0.0500,2.79,-189.08,-407.14,-101.98,0.06320,0.00178
12583,0.0520,2.79,-196.91,-404.22,-99.19,0.06325,0.00178
12639,0.0560,5.67,-205.36,-401.02,-96.23,0.06360,0.00179
12689,0.0500,5.67,-210.86,-396.88,-93.20,0.06348,0.00179
12739,0.0500,5.67,-215.84,-392.40,-90.10,0.06336,0.00179
12791,0.0520,5.67,-221.02,-387.73,-86.93,0.06340,0.00179
12842,0.0510,310.76,-205.95,-370.84,-79.71,0.06336,0.00179
12892,0.0500,310.76,-190.74,-354.18,-72.71,0.06325,0.00178
12942,0.0500,310.76,-175.75,-337.82,-65.94,0.06314,0.00178
12994,0.0520,310.76,-161.54,-321.82,-59.35,0.06319,0.00178
13045,0.0510,0.00,-166.79,-317.99,-57.03,0.06317,0.00178
13102,0.0570,0.00,-173.24,-314.07,-54.60,0.06359,0.00179
13152,0.0500,0.00,-177.02,-309.48,-52.12,0.06346,0.00179
13204,0.0520,0.00,-180.91,-304.72,-49.59,0.06349,0.00179
13255,0.0510,0.16,-184.04,-299.64,-47.01,0.06345,0.00179
13305,0.0500,0.16,-186.46,-294.30,-44.40,0.06333,0.00179
13355,0.0500,0.16,-188.50,-288.76,-41.77,0.06321,0.00178
13407,0.0520,0.16,-190.69,-283.08,-39.11,0.06326,0.00178
13458,0.0510,319.23,-172.02,-264.87,-32.26,0.06323,0.00178
13513,0.0550,319.23,-154.52,-247.08,-25.63,0.06350,0.00179
13563,0.0500,319.23,-136.10,-229.59,-19.26,0.06337,0.00179
13615,0.0520,319.23,-118.43,-212.54,-13.14,0.06340,0.00179
13666,0.0510,919.35,-62.85,-172.73,0.58,0.06336,0.00179
13716,0.0500,919.35,-8.82,-134.53,13.52,0.06324,0.00178
13766,0.0500,919.35,43.50,-97.90,25.72,0.06314,0.00178
13818,0.0520,919.35,94.10,-62.66,37.21,0.06319,0.00178
13869,0.0510,1096.69,154.47,-22.07,50.34,0.06316,0.00178
13919,0.0500,1096.69,212.91,16.68,62.63,0.06305,0.00178
13976,0.0570,1096.69,270.00,54.38,74.20,0.06348,0.00179
14028,0.0520,1096.69,325.24,90.11,85.01,0.06351,0.00179
14079,0.0510,10.03,309.65,82.08,80.82,0.06346,0.00179
14129,0.0500,10.03,294.61,74.40,76.84,0.06333,0.00179
14179,0.0500,10.03,280.19,67.14,73.08,0.06322,0.00178
14231,0.0520,10.03,266.47,60.39,69.50,0.06326,0.00178
14282,0.0510,0.00,252.59,53.55,65.98,0.06322,0.00178
14332,0.0500,0.00,239.23,47.04,62.65,0.06312,0.00178
14382,0.0500,0.00,226.43,40.89,59.50,0.06302,0.00178
14434,0.0520,0.00,214.22,35.21,56.52,0.06307,0.00178
14490,0.0560,1.48,202.66,30.07,53.70,0.06342,0.00179
14540,0.0500,1.48,191.39,24.94,51.05,0.06330,0.00179
14590,0.0500,1.48,180.62,20.13,48.55,0.06319,0.00178
14642,0.0520,1.48,170.33,15.72,46.20,0.06323,0.00178
14693,0.0510,572.36,196.55,33.52,51.44,0.06320,0.00178
14743,0.0500,572.36,221.89,50.46,56.32,0.06309,0.00178
14793,0.0500,572.36,246.40,66.62,60.85,0.06300,0.00178
14845,0.0520,572.36,270.27,82.17,65.05,0.06305,0.00178
14896,0.0510,800.04,307.67,105.67,71.90,0.06303,0.00178
14953,0.0570,800.04,344.67,128.56,78.28,0.06346,0.00179
15003,0.0500,800.04,379.62,149.79,84.16,0.06334,0.00179
15055,0.0520,800.04,413.67,170.09,89.57,0.06337,0.00179
15106,0.0510,865.15,450.50,191.73,95.37,0.06333,0.00179
15156,0.0500,865.15,485.80,212.09,100.66,0.06322,0.00178
15206,0.0500,865.15,519.80,231.29,105.47,0.06311,0.00178
15258,0.0520,865.15,553.01,249.60,109.82,0.06316,0.00178
15309,0.0510,826.53,582.34,265.22,113.23,0.06313,0.00178
15359,0.0500,826.53,610.29,279.74,116.23,0.06303,0.00178
15414,0.0550,826.53,638.55,293.87,118.86,0.06331,0.00179
15466,0.0520,826.53,664.92,306.71,121.12,0.06335,0.00179
15517,0.0510,-0.58,637.59,286.62,112.20,0.06331,0.00179
15567,0.0500,-0.58,610.82,267.11,103.67,0.06319,0.00178
15617,0.0500,-0.58,584.88,248.28,95.52,0.06309,0.00178
15669,0.0520,-0.58,560.13,230.23,87.70,0.06314,0.00178
15720,0.0510,-0.08,535.88,212.71,80.23,0.06311,0.00178
15770,0.0500,-0.08,512.17,195.73,73.11,0.06301,0.00178
15820,0.0500,-0.08,489.19,179.37,66.31,0.06292,0.00177
15878,0.0580,-0.08,468.01,163.90,59.75,0.06343,0.00179
15929,0.0510,0.66,446.28,148.58,53.51,0.06339,0.00179
15979,0.0500,0.66,425.11,133.79,47.58,0.06327,0.00178
16029,0.0500,0.66,404.62,119.58,41.94,0.06316,0.00178
16081,0.0520,0.66,384.97,105.96,36.58,0.06321,0.00178
16132,0.0510,606.02,404.04,116.13,39.40,0.06318,0.00178
16182,0.0500,606.02,422.27,125.63,41.96,0.06307,0.00178
16232,0.0500,606.02,439.77,134.54,44.27,0.06298,0.00178
16284,0.0520,606.02,456.86,142.95,46.34,0.06304,0.00178
16340,0.0560,652.74,476.85,152.80,48.81,0.06339,0.00179
16390,0.0500,652.74,495.19,161.72,51.01,0.06327,0.00178
16440,0.0500,652.74,512.77,170.02,52.96,0.06316,0.00178
16492,0.0520,652.74,529.97,177.82,54.68,0.06321,0.00178
16543,0.0510,651.60,546.22,184.94,56.15,0.06318,0.00178
16593,0.0500,651.60,561.59,191.44,57.40,0.06308,0.00178
16643,0.0500,651.60,576.30,197.39,58.45,0.06298,0.00178
16695,0.0520,651.60,590.74,202.93,59.29,0.06304,0.00178
16746,0.0510,598.53,601.00,205.85,59.26,0.06302,0.00178
16803,0.0570,598.53,611.92,208.67,59.07,0.06345,0.00179
16853,0.0500,598.53,620.91,210.70,58.76,0.06333,0.00179
16905,0.0520,598.53,629.83,212.47,58.32,0.06336,0.00179
16956,0.0510,609.85,638.79,214.25,57.92,0.06332,0.00179
17006,0.0500,609.85,647.06,215.62,57.40,0.06321,0.00178
17056,0.0500,609.85,654.88,216.64,56.77,0.06310,0.00178
17108,0.0520,609.85,662.66,217.42,56.03,0.06315,0.00178
17159,0.0510,0.33,631.31,194.38,47.24,0.06313,0.00178
17209,0.0500,0.33,600.70,172.14,38.88,0.06303,0.00178
17264,0.0550,0.33,571.62,150.76,30.89,0.06331,0.00179
17316,0.0520,0.33,542.81,130.02,23.31,0.06334,0.00179
17367,0.0510,0.82,514.74,110.05,16.12,0.06330,0.00179
17417,0.0500,0.82,487.44,90.87,9.33,0.06319,0.00178
17467,0.0500,0.82,461.01,72.46,2.92,0.06309,0.00178
17519,0.0520,0.82,435.49,54.77,-3.14,0.06314,0.00178
17570,0.0510,24.10,412.14,38.69,-8.54,0.06311,0.00178
17620,0.0500,24.10,389.49,23.29,-13.63,0.06301,0.00178
17670,0.0500,24.10,367.57,8.56,-18.40,0.06292,0.00177
17728,0.0580,24.10,346.22,-5.79,-22.91,0.06343,0.00179
17779,0.0510,24.43,325.52,-19.37,-27.13,0.06339,0.00179
17829,0.0500,24.43,305.53,-32.30,-31.05,0.06327,0.00178
17879,0.0500,24.43,286.23,-44.60,-34.70,0.06316,0.00178
17931,0.0520,24.43,267.47,-56.39,-38.09,0.06320,0.00178
17982,0.0510,25.01,249.41,-67.55,-41.22,0.06317,0.00178
18032,0.0500,25.01,232.04,-78.10,-44.11,0.06307,0.00178
18082,0.0500,25.01,215.30,-88.09,-46.75,0.06297,0.00178
18134,0.0520,25.01,198.95,-97.65,-49.17,0.06303,0.00178
18190,0.0560,24.68,182.71,-106.92,-51.39,0.06339,0.00179
18240,0.0500,24.68,167.64,-115.37,-53.38,0.06327,0.00178
18290,0.0500,24.68,153.15,-123.31,-55.17,0.06316,0.00178
18342,0.0520,24.68,138.95,-130.88,-56.77,0.06320,0.00178
18393,0.0510,-0.99,123.79,-138.90,-58.51,0.06317,0.00178
18443,0.0500,-0.99,109.34,-146.35,-60.05,0.06307,0.00178
18493,0.0500,-0.99,95.47,-153.30,-61.39,0.06297,0.00178
18545,0.0520,-0.99,81.84,-159.88,-62.54,0.06303,0.00178
18596,0.0510,0.58,69.01,-165.88,-63.49,0.06301,0.00178
18653,0.0570,0.58,55.71,-171.77,-64.26,0.06344,0.00179
18703,0.0500,0.58,44.10,-176.78,-64.87,0.06332,0.00179
18755,0.0520,0.58,32.65,-181.47,-65.32,0.06336,0.00179
18806,0.0510,0.49,21.87,-185.68,-65.62,0.06332,0.00179
18856,0.0500,0.49,11.74,-189.43,-65.78,0.06320,0.00178
18906,0.0500,0.49,2.08,-192.78,-65.80,0.06310,0.00178
18958,0.0520,0.49,-7.49,-195.87,-65.69,0.06315,0.00178
19009,0.0510,3.04,-16.27,-198.43,-65.42,0.06312,0.00178
19059,0.0500,3.04,-24.42,-200.58,-65.04,0.06302,0.00178
19114,0.0550,3.04,-33.11,-202.67,-64.53,0.06330,0.00178
19166,0.0520,3.04,-40.77,-204.22,-63.92,0.06334,0.00179
19217,0.0510,24.35,-46.49,-204.56,-62.93,0.06329,0.00178
19267,0.0500,24.35,-51.67,-204.59,-61.87,0.06318,0.00178
19317,0.0500,24.35,-56.53,-204.36,-60.74,0.06308,0.00178
19369,0.0520,24.35,-61.46,-204.00,-59.55,0.06313,0.00178
19420,0.0510,220.22,-53.50,-195.81,-55.73,0.06310,0.00178
19470,0.0500,220.22,-45.49,-187.72,-52.04,0.06300,0.00178
19520,0.0500,220.22,-37.63,-179.78,-48.46,0.06291,0.00177
19578,0.0580,220.22,-31.12,-172.22,-44.94,0.06342,0.00179
19629,0.0510,310.59,-17.75,-160.98,-40.34,0.06338,0.00179
19679,0.0500,310.59,-4.57,-150.04,-35.94,0.06326,0.00178
19729,0.0500,310.59,8.27,-139.42,-31.73,0.06315,0.00178
19781,0.0520,310.59,20.54,-129.16,-27.68,0.06319,0.00178
19832,0.0510,247.03,28.64,-121.60,-24.63,0.06316,0.00178
19882,0.0500,247.03,36.69,-114.21,-21.71,0.06306,0.00178
19932,0.0500,247.03,44.55,-107.01,-18.89,0.06296,0.00178
19984,0.0520,247.03,52.08,-100.01,-16.18,0.06302,0.00178
20040,0.0560,2.14,43.64,-102.62,-16.76,0.06338,0.00179
20090,0.0500,2.14,36.19,-104.86,-17.23,0.06326,0.00178
20140,0.0500,2.14,29.11,-106.83,-17.61,0.06315,0.00178
20192,0.0520,2.14,22.18,-108.57,-17.89,0.06320,0.00178
20243,0.0510,0.41,15.59,-110.11,-18.10,0.06317,0.00178
20293,0.0500,0.41,9.46,-111.38,-18.23,0.06306,0.00178
20343,0.0500,0.41,3.65,-112.43,-18.27,0.06296,0.00178
20395,0.0520,0.41,-2.06,-113.27,-18.24,0.06302,0.00178
20446,0.0510,570.45,28.58,-92.01,-10.70,0.06300,0.00178
20503,0.0570,570.45,58.02,-71.48,-3.52,0.06344,0.00179
20553,0.0500,570.45,87.11,-51.76,3.24,0.06331,0.00179
20605,0.0520,570.45,115.22,-32.84,9.61,0.06335,0.00179
20656,0.0510,765.73,154.84,-7.20,18.15,0.06331,0.00179
20706,0.0500,765.73,193.13,17.23,26.14,0.06320,0.00178
20756,0.0500,765.73,230.10,40.50,33.60,0.06309,0.00178
20808,0.0520,765.73,265.93,62.76,40.56,0.06314,0.00178
20859,0.0510,772.55,300.95,84.18,47.13,0.06311,0.00178
20909,0.0500,772.55,334.67,104.47,53.22,0.06301,0.00178
20964,0.0550,772.55,367.84,124.05,58.88,0.06329,0.00178
21016,0.0520,772.55,399.59,142.47,64.10,0.06333,0.00179
21067,0.0510,807.05,432.26,161.16,69.33,0.06329,0.00178
21117,0.0500,807.05,463.57,178.73,74.13,0.06318,0.00178
21167,0.0500,807.05,493.69,195.29,78.49,0.06307,0.00178
21219,0.0520,807.05,523.09,211.02,82.45,0.06313,0.00178
21270,0.0510,0.08,500.27,194.71,75.48,0.06310,0.00178
21320,0.0500,0.08,477.97,178.91,68.83,0.06300,0.00178
21370,0.0500,0.08,456.37,163.70,62.49,0.06291,0.00177
21428,0.0580,0.08,436.42,149.33,56.38,0.06342,0.00179
21479,0.0510,-0.08,415.96,135.06,50.56,0.06337,0.00179
21529,0.0500,-0.08,396.03,121.30,45.03,0.06326,0.00178
21579,0.0500,-0.08,376.75,108.08,39.77,0.06315,0.00178
21631,0.0520,-0.08,358.26,95.43,34.77,0.06319,0.00178
21682,0.0510,28.96,342.06,84.35,30.41,0.06316,0.00178
21732,0.0500,28.96,326.30,73.68,26.27,0.06306,0.00178
21782,0.0500,28.96,311.06,63.45,22.35,0.06296,0.00178
21834,0.0520,28.96,296.41,53.66,18.63,0.06302,0.00178
21885,0.0510,731.90,326.43,71.21,24.27,0.06300,0.00178
21940,0.0550,731.90,355.79,88.02,29.52,0.06328,0.00178
21990,0.0500,731.90,383.71,103.80,34.38,0.06317,0.00178
22042,0.0520,731.90,410.82,118.78,38.86,0.06322,0.00178
22093,0.0510,785.40,440.21,134.95,43.68,0.06319,0.00178
22143,0.0500,785.40,468.36,150.13,48.10,0.06308,0.00178
22193,0.0500,785.40,495.42,164.41,52.13,0.06298,0.00178
22245,0.0520,785.40,521.77,177.92,55.80,0.06304,0.00178
22296,0.0510,771.66,546.09,190.01,58.94,0.06302,0.00178
22346,0.0500,771.66,569.26,201.23,61.75,0.06293,0.00177
22403,0.0570,771.66,592.92,212.12,64.25,0.06336,0.00179
22455,0.0520,771.66,614.66,221.93,66.45,0.06340,0.00179
22506,0.0510,6.66,586.83,201.42,58.33,0.06335,0.00179
22556,0.0500,6.66,559.64,181.60,50.61,0.06324,0.00178
22606,0.0500,6.66,533.30,162.52,43.27,0.06313,0.00178
22658,0.0520,6.66,508.00,144.18,36.28,0.06318,0.00178
22709,0.0510,0.25,482.87,126.22,29.55,0.06315,0.00178
22759,0.0500,0.25,458.39,108.92,23.17,0.06305,0.00178
22809,0.0500,0.25,434.68,92.30,17.13,0.06295,0.00178
22866,0.0570,0.25,412.10,76.30,11.37,0.06338,0.00179
22917,0.0510,552.58,424.65,82.15,13.16,0.06334,0.00179
22967,0.0500,552.58,436.61,87.57,14.78,0.06323,0.00178
23017,0.0500,552.58,448.04,92.60,16.23,0.06312,0.00178
23069,0.0520,552.58,459.18,97.28,17.53,0.06317,0.00178
23120,0.0510,859.52,489.13,113.38,22.70,0.06314,0.00178
23170,0.0500,859.52,517.81,128.51,27.45,0.06304,0.00178
23220,0.0500,859.52,545.37,142.74,31.82,0.06294,0.00177
23272,0.0520,859.52,572.16,156.16,35.82,0.06300,0.00178
23330,0.0580,788.23,594.42,166.25,38.53,0.06351,0.00179
23380,0.0500,788.23,614.54,175.33,40.97,0.06338,0.00179
23430,0.0500,788.23,633.78,183.73,43.12,0.06326,0.00178
23482,0.0520,788.23,652.56,191.56,45.02,0.06330,0.00179
23533,0.0510,0.41,620.51,168.35,36.36,0.06326,0.00178
23583,0.0500,0.41,589.28,145.99,28.15,0.06315,0.00178
23633,0.0500,0.41,559.02,124.51,20.38,0.06305,0.00178
23685,0.0520,0.41,529.86,103.85,13.00,0.06310,0.00178
23736,0.0510,0.33,501.44,83.97,6.02,0.06308,0.00178
23791,0.0550,0.33,474.03,64.79,-0.61,0.06335,0.00179
23841,0.0500,0.33,447.11,46.39,-6.84,0.06324,0.00178
23893,0.0520,0.33,421.08,28.72,-12.72,0.06328,0.00178
23944,0.0510,154.22,405.56,17.74,-16.23,0.06324,0.00178
23994,0.0500,154.22,390.51,7.23,-19.52,0.06313,0.00178
24044,0.0500,154.22,375.93,-2.82,-22.61,0.06303,0.00178
24096,0.0520,154.22,361.78,-12.51,-25.50,0.06308,0.00178
24147,0.0510,167.32,348.89,-21.25,-28.03,0.06306,0.00178
24197,0.0500,167.32,336.42,-29.58,-30.38,0.06296,0.00178
24254,0.0570,167.32,324.08,-37.77,-32.57,0.06340,0.00179
24306,0.0520,167.32,312.25,-45.44,-34.60,0.06343,0.00179
24357,0.0510,163.81,300.63,-52.84,-36.52,0.06338,0.00179
24407,0.0500,163.81,289.46,-59.84,-38.27,0.06326,0.00178
24457,0.0500,163.81,278.68,-66.46,-39.87,0.06315,0.00178
24509,0.0520,163.81,268.13,-72.82,-41.33,0.06320,0.00178
24560,0.0510,33.74,249.79,-83.80,-44.34,0.06317,0.00178
24610,0.0500,33.74,232.19,-94.15,-47.10,0.06306,0.00178
24660,0.0500,33.74,215.23,-103.93,-49.62,0.06296,0.00178
24717,0.0570,33.74,198.10,-113.54,-51.92,0.06340,0.00179
24768,0.0510,-1.23,179.99,-123.65,-54.46,0.06335,0.00179
24818,0.0500,-1.23,162.67,-133.11,-56.75,0.06324,0.00178
24868,0.0500,-1.23,146.02,-141.99,-58.80,0.06313,0.00178
24920,0.0520,-1.23,129.73,-150.42,-60.63,0.06317,0.00178
24971,0.0510,-0.16,114.26,-158.21,-62.22,0.06314,0.00178
25021,0.0500,-0.16,99.57,-165.41,-63.61,0.06304,0.00178
25071,0.0500,-0.16,85.46,-172.09,-64.80,0.06295,0.00178
25123,0.0520,-0.16,71.60,-178.40,-65.80,0.06301,0.00178
25185,0.0620,10.77,57.25,-184.41,-66.45,0.06381,0.00180
25235,0.0500,10.77,45.58,-189.17,-66.94,0.06367,0.00180
25285,0.0500,10.77,34.43,-193.50,-67.27,0.06353,0.00179
25337,0.0520,10.77,23.42,-197.52,-67.45,0.06355,0.00179
25388,0.0510,13.07,13.24,-200.97,-67.45,0.06349,0.00179
25438,0.0500,13.07,3.74,-203.95,-67.32,0.06336,0.00179
25488,0.0500,13.07,-5.30,-206.57,-67.07,0.06325,0.00178
25540,0.0520,13.07,-14.28,-208.93,-66.68,0.06328,0.00178
25591,0.0510,18.42,-22.28,-210.66,-66.12,0.06325,0.00178
25646,0.0550,18.42,-30.64,-212.27,-65.43,0.06351,0.00179
25696,0.0500,18.42,-37.54,-213.23,-64.65,0.06338,0.00179
25748,0.0520,18.42,-44.46,-214.00,-63.77,0.06341,0.00179
25799,0.0510,0.08,-51.94,-215.11,-63.04,0.06336,0.00179
25849,0.0500,0.08,-58.80,-215.85,-62.22,0.06324,0.00178
25899,0.0500,0.08,-65.27,-216.28,-61.31,0.06313,0.00178
25951,0.0520,0.08,-71.75,-216.52,-60.31,0.06318,0.00178
26002,0.0510,96.58,-71.54,-212.69,-57.97,0.06315,0.00178
26052,0.0500,96.58,-70.97,-208.73,-55.64,0.06304,0.00178
26109,0.0570,96.58,-71.57,-204.96,-53.28,0.06347,0.00179
26161,0.0520,96.58,-70.94,-200.82,-50.93,0.06349,0.00179
26212,0.0510,56.36,-72.52,-198.11,-49.13,0.06344,0.00179
26262,0.0500,56.36,-73.69,-195.21,-47.31,0.06332,0.00179
26312,0.0500,56.36,-74.67,-192.20,-45.49,0.06320,0.00178
26364,0.0520,56.36,-75.81,-189.13,-43.64,0.06324,0.00178
26415,0.0510,0.74,-80.06,-188.04,-42.52,0.06321,0.00178
26465,0.0500,0.74,-83.82,-186.70,-41.34,0.06310,0.00178
26515,0.0500,0.74,-87.29,-185.16,-40.12,0.06300,0.00178
26572,0.0570,0.74,-91.65,-183.64,-38.82,0.06343,0.00179
26623,0.0510,8.47,-94.12,-181.40,-37.39,0.06338,0.00179
26673,0.0500,8.47,-96.17,-178.96,-35.93,0.06326,0.00178
26723,0.0500,8.47,-97.99,-176.39,-34.44,0.06315,0.00178
26775,0.0520,8.47,-99.90,-173.73,-32.93,0.06319,0.00178
26826,0.0510,0.25,-101.92,-171.22,-31.51,0.06316,0.00178
26876,0.0500,0.25,-103.53,-168.54,-30.07,0.06305,0.00178
26926,0.0500,0.25,-104.93,-165.74,-28.61,0.06296,0.00178
26978,0.0520,0.25,-106.41,-162.86,-27.12,0.06302,0.00178
27036,0.0580,3.62,-108.31,-159.81,-25.55,0.06352,0.00179
27086,0.0500,3.62,-108.73,-156.46,-23.98,0.06339,0.00179
27136,0.0500,3.62,-108.98,-153.03,-22.41,0.06327,0.00178
27188,0.0520,3.62,-109.33,-149.55,-20.83,0.06331,0.00179
27239,0.0510,8.38,-109.06,-145.78,-19.19,0.06327,0.00178
27289,0.0500,8.38,-108.49,-141.94,-17.56,0.06316,0.00178
27339,0.0500,8.38,-107.79,-138.06,-15.94,0.06305,0.00178
27391,0.0520,8.38,-107.20,-134.15,-14.33,0.06311,0.00178
27442,0.0510,10.85,-106.18,-130.08,-12.70,0.06308,0.00178
27497,0.0550,10.85,-105.49,-125.99,-11.08,0.06336,0.00179
27547,0.0500,10.85,-104.05,-121.82,-9.47,0.06324,0.00178
27599,0.0520,10.85,-102.72,-117.64,-7.89,0.06328,0.00178
27650,0.0510,2.14,-101.72,-113.77,-6.44,0.06324,0.00178
27700,0.0500,2.14,-100.50,-109.88,-5.01,0.06313,0.00178
27750,0.0500,2.14,-99.18,-105.98,-3.60,0.06303,0.00178
27802,0.0520,2.14,-97.96,-102.06,-2.20,0.06309,0.00178
27853,0.0510,9.04,-96.09,-97.87,-0.74,0.06306,0.00178
27910,0.0570,9.04,-94.64,-93.63,0.72,0.06349,0.00179
27960,0.0500,9.04,-92.46,-89.41,2.14,0.06336,0.00179
28012,0.0520,9.04,-90.37,-85.20,3.53,0.06340,0.00179
28063,0.0510,6.41,-88.31,-81.12,4.85,0.06335,0.00179
28113,0.0500,6.41,-86.11,-77.07,6.14,0.06323,0.00178
28163,0.0500,6.41,-83.87,-73.06,7.40,0.06313,0.00178
28215,0.0520,6.41,-81.72,-69.06,8.63,0.06317,0.00178
28266,0.0510,0.33,-79.83,-65.33,9.75,0.06314,0.00178
28316,0.0500,0.33,-77.82,-61.64,10.83,0.06304,0.00178
28366,0.0500,0.33,-75.78,-57.98,11.89,0.06295,0.00178
28423,0.0570,0.33,-74.03,-54.24,12.93,0.06338,0.00179
28474,0.0510,15.21,-70.96,-50.03,14.14,0.06334,0.00179
28524,0.0500,15.21,-67.84,-45.91,15.30,0.06322,0.00178
28574,0.0500,15.21,-64.73,-41.87,16.41,0.06311,0.00178
28626,0.0520,15.21,-61.70,-37.86,17.48,0.06316,0.00178
28677,0.0510,5.51,-59.24,-34.31,18.39,0.06313,0.00178
28727,0.0500,5.51,-56.75,-30.84,19.25,0.06303,0.00178
28777,0.0500,5.51,-54.25,-27.43,20.08,0.06294,0.00177
28829,0.0520,5.51,-51.80,-24.04,20.88,0.06300,0.00178
28887,0.0580,0.58,-49.74,-20.75,21.58,0.06351,0.00179
28937,0.0500,0.58,-47.50,-17.69,22.26,0.06338,0.00179
28987,0.0500,0.58,-45.26,-14.69,22.90,0.06326,0.00178
29039,0.0520,0.58,-43.05,-11.71,23.51,0.06330,0.00179
29090,0.0510,6.00,-40.48,-8.60,24.16,0.06326,0.00178
29140,0.0500,6.00,-37.91,-5.59,24.77,0.06315,0.00178
29190,0.0500,6.00,-35.38,-2.65,25.34,0.06305,0.00178
29242,0.0520,6.00,-32.86,0.26,25.89,0.06310,0.00178
29293,0.0510,3.37,-30.54,2.97,26.36,0.06308,0.00178
29343,0.0500,3.37,-28.23,5.58,26.80,0.06298,0.00178
29398,0.0550,3.37,-25.90,8.26,27.21,0.06326,0.00178
29450,0.0520,3.37,-23.61,10.79,27.58,0.06330,0.00179
29501,0.0510,2.71,-21.40,13.19,27.92,0.06326,0.00178
29551,0.0500,2.71,-19.23,15.48,28.23,0.06315,0.00178
29601,0.0500,2.71,-17.09,17.70,28.50,0.06305,0.00178
29653,0.0520,2.71,-14.94,19.91,28.75,0.06311,0.00178
29704,0.0510,2.22,-12.87,22.00,28.96,0.06308,0.00178
29754,0.0500,2.22,-10.85,23.98,29.14,0.06298,0.00178
29804,0.0500,2.22,-8.87,25.89,29.29,0.06289,0.00177
29862,0.0580,2.22,-6.72,27.96,29.42,0.06341,0.00179
29913,0.0510,1.56,-4.82,29.72,29.51,0.06336,0.00179
29963,0.0500,1.56,-2.99,31.38,29.57,0.06324,0.00178
30013,0.0500,1.56,-1.20,32.98,29.61,0.06314,0.00178
