-192.65,0.00,0.00
-196.68,-9.78,-0.52
-198.69,-13.31,-0.97
-199.45,-11.19,-0.45
-200.08,-9.59,0.18
-200.24,-7.27,1.48
-199.89,-4.20,3.70
-199.75,-2.41,5.02
-200.08,-2.13,4.75
-199.83,-0.49,6.02
-199.21,1.76,7.85
-198.54,3.70,9.07
-199.11,2.19,6.43
-199.13,2.17,5.72
-198.92,2.66,5.60
-199.28,1.77,4.22
-198.86,2.66,4.61
-198.71,2.83,4.34
-198.85,2.39,3.62
-199.14,1.73,2.82
-198.96,1.99,2.79
-199.04,1.76,2.42
-199.08,1.61,2.15
-198.88,1.86,2.17
-199.10,1.43,1.75
-199.26,1.12,1.45
-199.22,1.16,1.38
-198.96,1.48,1.49
-199.19,1.09,1.18
-199.14,1.11,1.13
-198.96,1.32,1.17
-199.06,1.12,1.01
-199.04,1.08,0.94
-199.40,0.57,0.63
-199.43,0.53,0.58
-199.61,0.29,0.44
-199.82,0.04,0.29
-199.84,0.04,0.28
-199.79,0.12,0.30
-199.61,0.35,0.40
-199.75,0.18,0.30
-199.48,0.50,0.43
-199.76,0.16,0.25
-199.81,0.10,0.21
-199.50,0.47,0.37
-199.67,0.26,0.26
-199.74,0.17,0.21
-199.89,-0.01,0.11
-199.88,0.02,0.12
-199.74,0.19,0.19
-199.84,0.07,0.13
-199.81,0.11,0.14
-199.64,0.31,0.22
-199.80,0.11,0.12
-199.74,0.17,0.14
-200.12,-0.27,-0.06
-200.00,-0.11,0.01
-200.11,-0.22,-0.04
-200.06,-0.13,0.00
-200.12,-0.19,-0.02
-200.27,-0.34,-0.09
-200.51,-0.58,-0.19
-200.16,-0.13,0.02
-200.42,-0.41,-0.11
-200.17,-0.09,0.04
-200.11,-0.01,0.08
-200.00,0.13,0.13
-200.01,0.12,0.12
-199.64,0.54,0.31
-199.58,0.57,0.31
-199.89,0.18,0.12
-199.68,0.41,0.22
-199.81,0.24,0.13
-199.65,0.40,0.19
-199.66,0.37,0.17
-199.87,0.10,0.04
-200.01,-0.08,-0.04
-199.94,0.01,0.00
-199.89,0.07,0.03
-200.16,-0.25,-0.12
-200.08,-0.14,-0.06
-200.25,-0.32,-0.14
-200.18,-0.22,-0.09
-200.23,-0.26,-0.10
-200.21,-0.21,-0.08
-199.84,0.23,0.13
-200.02,0.01,0.02
-199.80,0.26,0.13
-199.66,0.40,0.19
-199.84,0.16,0.08
-200.16,-0.21,-0.10
-200.32,-0.39,-0.17
-199.90,0.13,0.07
-200.07,-0.08,-0.03
-200.34,-0.37,-0.16
-200.51,-0.54,-0.23
-200.07,0.01,0.03
-199.90,0.21,0.12
-200.09,-0.02,0.01
-200.19,-0.14,-0.05
-200.44,-0.41,-0.17
-200.53,-0.48,-0.19
-200.64,-0.57,-0.22
-200.87,-0.78,-0.31
-200.74,-0.57,-0.20
-200.96,-0.77,-0.28
-200.89,-0.63,-0.20
-200.70,-0.36,-0.07
-200.70,-0.31,-0.04
-200.71,-0.30,-0.03
-200.61,-0.15,0.03
-200.79,-0.33,-0.05
-200.88,-0.40,-0.08
-200.85,-0.33,-0.04
-200.91,-0.36,-0.05
-201.06,-0.50,-0.12
-200.99,-0.37,-0.05
-200.67,0.04,0.14
-200.59,0.15,0.18
-198.54,2.49,1.24
-198.97,1.83,0.88
-199.41,1.19,0.54
-199.71,0.75,0.32
-198.03,2.62,1.15
-198.53,1.84,0.75
-199.14,0.99,0.32
-199.47,0.52,0.09
-199.51,0.43,0.05
-199.79,0.06,-0.13
-200.34,-0.60,-0.42
-200.61,-0.88,-0.52
-200.80,-1.03,-0.57
-200.79,-0.96,-0.51
-200.72,-0.81,-0.42
-198.51,1.78,0.78
-197.05,3.32,1.44
-197.84,2.15,0.84
-198.46,1.27,0.40
-196.91,2.94,1.14
-197.61,1.88,0.61
-198.52,0.67,0.03
-198.88,0.18,-0.20
-199.57,-0.65,-0.57
-199.79,-0.88,-0.64
-198.05,1.16,0.31
-196.39,2.95,1.11
-195.30,3.96,1.52
-196.85,1.85,0.49
-195.82,2.85,0.92
-194.67,3.93,1.36
-194.01,4.34,1.49
-195.51,2.25,0.46
-194.48,3.20,0.88
-193.89,3.58,1.01
-193.22,4.01,1.15
-192.93,3.98,1.08
-192.68,3.89,0.99
-192.43,3.80,0.90
-192.21,3.69,0.81
-192.14,3.40,0.64
-192.18,3.00,0.43
-192.26,2.59,0.22
-191.95,2.65,0.24
-194.36,-0.41,-1.16
-194.00,-0.05,-0.95
-193.54,0.39,-0.70
-193.15,0.71,-0.52
-193.22,0.50,-0.59
-193.22,0.38,-0.62
-192.93,0.60,-0.49
-192.70,0.75,-0.40
-193.02,0.25,-0.61
-192.84,0.37,-0.52
-192.88,0.23,-0.56
-193.07,-0.07,-0.67
-193.29,-0.38,-0.78
-193.47,-0.62,-0.85
-193.59,-0.77,-0.88
-193.22,-0.34,-0.64
-192.98,-0.08,-0.49
-193.04,-0.19,-0.52
-193.24,-0.45,-0.61
-193.07,-0.27,-0.50
-193.11,-0.33,-0.50
-193.13,-0.36,-0.49
-193.29,-0.55,-0.56
-193.13,-0.35,-0.44
-192.96,-0.16,-0.33
-193.27,-0.52,-0.48
-193.17,-0.40,-0.40
-193.13,-0.34,-0.36
-193.33,-0.56,-0.44
-193.12,-0.30,-0.30
-191.41,1.66,0.61
-189.05,4.23,1.75
-184.18,9.48,4.05
-173.96,20.46,8.85
-161.93,32.66,13.98
-155.99,38.80,16.77
-150.83,43.39,18.74
-146.76,46.66,20.10
-150.05,45.21,20.27
-148.38,45.94,20.47
-146.62,46.71,20.68
-144.80,47.50,20.89
-138.71,50.81,21.61
-135.85,52.57,22.22
-132.89,54.35,22.84
-130.09,55.95,23.38
-127.23,57.57,23.91
-124.52,59.06,24.40
-121.35,60.81,24.97
-118.43,62.40,25.48
-115.55,63.96,25.95
-112.37,65.70,26.51
-109.18,67.45,27.07
-105.78,69.33,27.66
-102.36,71.24,28.26
-98.96,73.15,28.85
-95.38,75.19,29.49
-91.55,77.41,30.20
-87.71,79.64,30.90
-84.12,81.75,31.55
-80.17,84.11,32.30
-76.40,86.35,32.98
-72.36,88.82,33.76
-68.11,91.45,34.58
-63.87,94.11,35.42
-59.58,96.83,36.28
-55.12,99.68,37.17
-50.57,102.63,38.11
-45.93,105.66,39.06
-41.37,108.67,40.02
-36.37,112.04,41.11
-31.35,115.43,42.19
-26.15,119.01,43.35
-20.61,122.87,44.61
-15.37,126.52,45.79
-10.06,130.23,46.99
-4.32,134.30,48.32
1.46,138.46,49.69
7.45,142.81,51.14
13.89,147.57,52.74
20.43,152.42,54.38
27.15,157.39,56.04
33.06,161.66,57.43
38.60,165.55,58.67
44.58,169.80,60.02
54.28,177.85,62.95
63.72,185.57,65.72
70.77,190.92,67.52
76.48,194.85,68.73
81.69,198.14,69.64
86.43,201.04,70.42
90.92,203.52,70.99
94.61,205.26,71.27
98.19,206.87,71.50
101.62,208.13,71.55
104.20,208.60,71.29
106.94,209.06,71.00
109.57,209.54,70.75
112.37,210.22,70.58
115.61,211.19,70.52
119.13,212.65,70.69
123.14,214.63,71.09
128.07,217.50,71.85
133.36,220.93,72.89
139.22,224.84,74.09
145.29,229.14,75.50
150.88,232.81,76.64
156.27,236.03,77.52
160.65,238.19,77.97
164.56,239.55,78.02
167.20,239.55,77.49
169.27,238.83,76.64
171.24,237.76,75.60
172.78,236.37,74.45
174.39,234.83,73.20
176.08,233.62,72.14
177.91,232.59,71.17
181.31,233.31,70.97
189.06,239.76,73.47
207.70,259.93,82.30
270.88,337.22,117.80
342.81,424.86,158.00
358.55,438.97,163.44
338.64,407.00,147.22
342.50,406.27,145.84
455.67,548.66,212.23
598.71,728.86,296.38
698.16,850.00,351.89
757.85,917.46,381.62
801.66,962.96,400.70
867.96,1037.47,433.45
932.63,1109.65,465.12
982.34,1160.19,485.97
1008.36,1179.04,491.58
1021.24,1179.85,488.38
1023.59,1165.05,477.36
1020.85,1144.62,463.88
1013.95,1117.33,446.87
1004.70,1088.28,429.31
991.85,1054.65,409.58
976.28,1016.24,387.39
952.04,967.41,360.36
927.34,918.60,333.48
905.01,873.65,308.66
882.46,828.94,284.09
862.64,787.22,261.00
838.05,740.28,235.56
813.06,693.39,210.29
787.70,645.31,184.46
761.16,597.03,158.77
739.20,554.75,136.17
724.12,523.57,119.39
718.76,506.61,109.90
712.20,487.37,99.25
701.34,462.90,86.06
688.97,435.80,71.56
677.65,411.21,58.48
666.83,387.71,46.03
655.61,363.23,33.13
642.83,337.42,19.64
635.86,319.73,10.40
629.48,303.66,2.06
622.65,287.20,-6.44
616.70,271.70,-14.38
611.16,257.48,-21.62
604.19,241.39,-29.77
597.80,225.89,-37.56
589.65,208.43,-46.32
579.29,187.51,-56.81
569.41,167.99,-66.52
562.58,153.28,-73.67
557.43,140.87,-79.53
555.06,133.07,-82.98
554.69,128.04,-84.92
553.91,122.78,-87.01
550.39,113.56,-91.16
545.45,102.04,-96.44
539.26,89.14,-102.46
534.51,78.28,-107.31
531.30,70.14,-110.76
529.04,63.57,-113.34
526.94,57.10,-115.80
525.93,52.59,-117.27
524.30,47.00,-119.23
522.00,40.72,-121.61
517.00,30.52,-126.05
512.99,21.74,-129.64
510.75,15.95,-131.69
508.51,10.28,-133.65
506.49,4.87,-135.39
503.17,-2.27,-138.11
497.04,-13.70,-143.03
491.09,-24.52,-147.65
486.29,-33.41,-151.22
483.68,-38.95,-152.89
482.74,-41.76,-153.16
482.75,-43.14,-152.59
482.74,-44.44,-152.06
481.98,-46.83,-152.12
480.81,-49.88,-152.45
480.30,-51.78,-152.24
480.95,-51.91,-151.00
481.19,-52.61,-150.16
480.17,-55.18,-150.33
479.30,-57.54,-150.31
478.49,-59.68,-150.25
478.02,-61.26,-149.88
477.74,-62.51,-149.35
476.40,-65.34,-149.67
475.24,-67.88,-149.74
473.83,-70.70,-150.05
472.14,-73.88,-150.55
471.14,-75.99,-150.39
470.26,-77.81,-150.15
470.32,-78.17,-149.05
469.71,-79.51,-148.57
468.21,-82.19,-148.81
465.64,-86.49,-149.85
462.65,-91.32,-151.25
459.68,-96.05,-152.50
456.96,-100.28,-153.56
455.09,-103.13,-153.85
453.30,-105.78,-153.96
452.10,-107.46,-153.61
451.24,-108.55,-152.87
450.92,-108.79,-151.76
451.02,-108.36,-150.29
451.48,-107.32,-148.41
452.24,-105.83,-146.39
453.20,-104.07,-144.23
454.02,-102.48,-142.11
454.29,-101.78,-140.57
453.95,-101.99,-139.46
453.26,-102.75,-138.73
453.39,-102.21,-137.30
453.29,-101.99,-135.99
452.94,-102.17,-134.97
452.00,-103.21,-134.36
451.02,-104.31,-133.86
449.66,-105.98,-133.68
448.74,-106.88,-133.00
448.14,-107.29,-132.13
447.59,-107.54,-131.12
447.59,-106.98,-129.74
448.04,-105.71,-127.98
448.48,-104.38,-126.13
449.24,-102.62,-124.14
449.87,-101.02,-122.17
450.80,-99.00,-120.07
451.18,-97.87,-118.46
450.95,-97.65,-117.30
450.23,-98.23,-116.66
449.31,-99.09,-116.17
448.19,-100.21,-115.76
447.14,-101.21,-115.36
446.45,-101.51,-114.45
446.49,-100.81,-113.19
446.28,-100.46,-112.07
446.72,-99.02,-110.30
447.06,-97.80,-108.72
446.84,-97.41,-107.55
446.85,-96.69,-106.27
446.92,-95.89,-104.96
446.92,-95.13,-103.62
447.16,-94.06,-102.19
447.76,-92.36,-100.36
448.73,-90.15,-98.32
449.62,-88.09,-96.38
450.52,-85.98,-94.37
451.16,-84.36,-92.71
451.96,-82.50,-90.92
452.27,-81.44,-89.59
452.33,-80.76,-88.48
452.06,-80.56,-87.59
451.95,-80.14,-86.64
451.40,-80.40,-86.07
451.01,-80.36,-85.29
450.97,-79.79,-84.28
450.76,-79.45,-83.35
450.57,-79.11,-82.48
450.57,-78.47,-81.45
450.60,-77.73,-80.32
450.66,-76.99,-79.26
450.66,-76.29,-78.17
450.84,-75.37,-77.02
451.09,-74.34,-75.82
451.31,-73.31,-74.59
451.51,-72.37,-73.46
451.75,-71.32,-72.24
452.21,-69.99,-70.91
452.91,-68.29,-69.39
453.46,-66.79,-67.95
454.15,-65.13,-66.48
454.71,-63.70,-65.15
455.37,-62.08,-63.68
455.89,-60.75,-62.43
455.84,-60.28,-61.62
455.68,-60.00,-60.96
455.29,-60.11,-60.52
454.92,-60.13,-60.00
454.66,-60.00,-59.43
454.51,-59.66,-58.72
454.37,-59.34,-58.06
454.31,-58.91,-57.34
454.34,-58.27,-56.49
454.23,-57.90,-55.82
454.27,-57.25,-54.97
454.31,-56.65,-54.19
454.28,-56.17,-53.47
454.00,-56.04,-52.93
454.13,-55.29,-52.08
454.21,-54.58,-51.23
454.28,-53.93,-50.45
454.20,-53.53,-49.82
454.03,-53.23,-49.21
454.04,-52.70,-48.51
454.23,-51.88,-47.66
454.55,-50.81,-46.66
454.91,-49.73,-45.68
455.49,-48.27,-44.47
455.91,-47.13,-43.48
456.33,-46.00,-42.50
456.56,-45.15,-41.65
456.78,-44.34,-40.86
456.65,-44.06,-40.35
456.39,-44.04,-40.00
456.15,-43.97,-39.64
455.81,-44.02,-39.31
455.66,-43.80,-38.87
455.30,-43.87,-38.57
455.14,-43.65,-38.13
455.25,-43.02,-37.47
455.25,-42.51,-36.86
455.49,-41.69,-36.10
455.75,-40.83,-35.32
455.89,-40.17,-34.67
456.16,-39.31,-33.91
456.69,-38.02,-32.90
457.05,-37.05,-32.10
457.37,-36.16,-31.34
457.19,-36.01,-30.99
456.90,-36.09,-30.77
457.07,-35.39,-30.12
456.94,-35.19,-29.76
456.22,-35.94,-29.92
455.56,-36.55,-30.00
455.18,-36.73,-29.85
454.90,-36.71,-29.58
454.61,-36.74,-29.35
454.05,-37.19,-29.35
453.80,-37.10,-29.04
453.70,-36.81,-28.64
454.03,-35.81,-27.84
454.64,-34.40,-26.84
455.49,-32.66,-25.66
456.08,-31.30,-24.68
456.80,-29.78,-23.64
457.13,-28.92,-22.97
457.57,-27.84,-22.18
457.73,-27.27,-21.68
457.59,-27.13,-21.41
457.37,-27.16,-21.25
456.66,-27.95,-21.51
455.84,-28.87,-21.83
455.32,-29.34,-21.91
454.70,-29.92,-22.03
454.18,-30.36,-22.09
453.62,-30.86,-22.19
453.19,-31.10,-22.12
452.77,-31.36,-22.08
452.32,-31.63,-22.03
452.15,-31.47,-21.76
452.38,-30.69,-21.16
452.41,-30.20,-20.70
452.80,-29.17,-19.97
453.08,-28.30,-19.31
453.61,-27.08,-18.48
453.94,-26.19,-17.84
453.99,-25.74,-17.43
454.16,-25.12,-16.94
454.30,-24.56,-16.49
454.58,-23.75,-15.91
454.44,-23.64,-15.71
454.28,-23.54,-15.52
454.08,-23.53,-15.39
453.39,-24.29,-15.67
452.86,-24.76,-15.80
452.32,-25.26,-15.94
451.87,-25.58,-15.98
451.00,-26.59,-16.40
450.57,-26.88,-16.43
449.98,-27.40,-16.57
449.58,-27.62,-16.55
449.49,-27.33,-16.25
449.06,-27.61,-16.27
448.91,-27.42,-16.03
448.62,-27.44,-15.90
448.67,-26.95,-15.49
448.95,-26.11,-14.90
449.34,-25.10,-14.23
450.10,-23.53,-13.24
450.78,-22.08,-12.33
451.35,-20.83,-11.54
451.91,-19.64,-10.79
452.60,-18.22,-9.91
453.31,-16.83,-9.06
453.76,-15.82,-8.43
454.13,-14.99,-7.90
454.53,-14.13,-7.36
454.61,-13.76,-7.10
454.22,-14.15,-7.25
453.28,-15.39,-7.87
452.26,-16.76,-8.56
451.50,-17.68,-9.00
450.75,-18.57,-9.40
450.01,-19.44,-9.81
449.22,-20.36,-10.23
448.66,-20.91,-10.44
447.68,-22.11,-11.02
447.15,-22.57,-11.17
446.26,-23.60,-11.65
445.34,-24.67,-12.14
444.63,-25.36,-12.41
443.38,-26.91,-13.17
442.33,-28.11,-13.71
443.13,-26.38,-12.65
442.54,-26.88,-12.82
443.50,-24.88,-11.60
444.16,-23.41,-10.70
444.80,-21.97,-9.81
445.12,-21.09,-9.24
445.67,-19.86,-8.49
446.03,-18.92,-7.90
446.56,-17.75,-7.19
447.33,-16.19,-6.27
447.97,-14.90,-5.50
448.65,-13.54,-4.71
449.25,-12.32,-4.00
449.31,-12.00,-3.79
449.68,-11.17,-3.30
449.62,-11.04,-3.20
449.66,-10.77,-3.02
450.19,-9.70,-2.41
450.58,-8.89,-1.95
450.98,-8.09,-1.49
450.86,-8.09,-1.47
450.84,-7.95,-1.39
450.48,-8.34,-1.59
449.98,-8.95,-1.91
449.36,-9.75,-2.34
448.69,-10.61,-2.79
447.98,-11.52,-3.27
447.29,-12.36,-3.70
446.62,-13.20,-4.13
445.96,-13.98,-4.53
445.46,-14.49,-4.77
445.13,-14.73,-4.86
444.69,-15.14,-5.04
444.70,-14.85,-4.84
444.58,-14.74,-4.74
444.40,-14.73,-4.69
444.45,-14.38,-4.46
444.62,-13.84,-4.13
444.35,-13.99,-4.18
444.61,-13.33,-3.78
443.99,-14.02,-4.13
444.30,-13.27,-3.68
444.40,-12.85,-3.41
444.43,-12.53,-3.21
444.68,-11.90,-2.83
444.86,-11.35,-2.51
444.68,-11.41,-2.52
444.68,-11.16,-2.37
444.91,-10.56,-2.01
444.97,-10.24,-1.82
444.75,-10.34,-1.86
444.62,-10.36,-1.85
444.43,-10.44,-1.88
443.71,-11.34,-2.36
443.18,-11.94,-2.67
442.85,-12.21,-2.79
442.36,-12.72,-3.06
441.87,-13.25,-3.32
441.16,-14.09,-3.75
440.23,-15.27,-4.38
439.62,-15.95,-4.71
438.40,-17.54,-5.55
437.65,-18.40,-5.97
436.38,-20.04,-6.82
435.46,-21.12,-7.36
434.42,-22.36,-7.98
433.52,-23.35,-8.46
432.82,-24.03,-8.76
432.08,-24.74,-9.08
431.74,-24.81,-9.04
431.44,-24.84,-8.98
430.82,-25.33,-9.17
430.45,-25.46,-9.17
429.97,-25.72,-9.23
429.56,-25.88,-9.24
428.93,-26.41,-9.46
428.67,-26.30,-9.32
428.04,-26.81,-9.52
427.21,-27.59,-9.87
426.77,-27.79,-9.89
426.00,-28.49,-10.20
425.77,-28.29,-9.99
425.44,-28.30,-9.92
425.00,-28.46,-9.93
424.57,-28.58,-9.90
424.09,-28.81,-9.95
424.04,-28.31,-9.59
423.89,-28.02,-9.35
423.86,-27.54,-9.00
423.94,-26.86,-8.55
424.18,-25.97,-7.99
424.67,-24.66,-7.20
416.23,-37.52,-14.22
378.34,-96.52,-46.59
385.27,-83.84,-39.20
391.89,-71.99,-32.35
397.71,-61.43,-26.25
402.78,-52.35,-21.03
406.94,-44.87,-16.74
410.52,-38.32,-12.99
413.42,-33.02,-9.96
415.80,-28.65,-7.47
417.78,-24.97,-5.39
418.85,-22.79,-4.14
419.09,-21.91,-3.62
419.60,-20.65,-2.89
420.09,-19.42,-2.19
420.26,-18.71,-1.78
420.31,-18.21,-1.49
419.92,-18.39,-1.58
419.61,-18.47,-1.61
419.26,-18.61,-1.67
418.71,-19.03,-1.89
418.53,-18.89,-1.80
418.59,-18.34,-1.48
418.16,-18.61,-1.62
418.09,-18.32,-1.44
418.05,-17.94,-1.22
417.98,-17.63,-1.04
417.51,-17.95,-1.21
417.14,-18.12,-1.29
416.78,-18.29,-1.37
416.25,-18.68,-1.58
415.61,-19.27,-1.89
414.98,-19.84,-2.19
414.33,-20.39,-2.47
414.09,-20.33,-2.42
413.86,-20.23,-2.34
413.78,-19.89,-2.13
413.77,-19.47,-1.89
413.30,-19.76,-2.02
412.82,-20.08,-2.19
412.44,-20.21,-2.24
412.03,-20.41,-2.33
411.29,-21.13,-2.71
410.84,-21.35,-2.80
410.70,-21.10,-2.65
410.60,-20.77,-2.44
410.02,-21.23,-2.67
409.43,-21.70,-2.91
409.00,-21.87,-2.98
408.38,-22.38,-3.23
407.58,-23.14,-3.62
406.98,-23.58,-3.84
406.19,-24.33,-4.21
405.17,-25.40,-4.77
404.67,-25.66,-4.87
404.05,-26.09,-5.07
403.86,-25.81,-4.87
403.62,-25.66,-4.75
403.03,-26.02,-4.90
402.53,-26.26,-5.00
401.90,-26.71,-5.20
401.18,-27.25,-5.45
400.49,-27.77,-5.70
399.88,-28.13,-5.85
399.21,-28.60,-6.06
398.74,-28.76,-6.09
398.20,-28.99,-6.17
397.77,-29.07,-6.15
397.37,-29.06,-6.10
396.89,-29.22,-6.14
396.75,-28.84,-5.88
396.42,-28.72,-5.76
396.08,-28.68,-5.69
395.61,-28.81,-5.71
395.35,-28.63,-5.57
395.42,-27.94,-5.14
394.88,-28.16,-5.21
394.72,-27.83,-4.99
394.48,-27.62,-4.83
394.37,-27.18,-4.55
393.95,-27.26,-4.55
393.62,-27.17,-4.47
393.17,-27.29,-4.50
392.91,-27.13,-4.37
392.53,-27.11,-4.32
392.39,-26.75,-4.09
392.10,-26.61,-3.97
391.83,-26.46,-3.86
391.39,-26.57,-3.89
391.04,-26.52,-3.82
390.37,-27.01,-4.06
389.89,-27.15,-4.11
389.74,-26.81,-3.88
389.38,-26.80,-3.84
388.91,-26.92,-3.88
388.62,-26.80,-3.78
388.33,-26.68,-3.68
387.82,-26.86,-3.75
387.28,-27.14,-3.87
386.93,-27.07,-3.80
386.62,-26.98,-3.72
386.66,-26.33,-3.33
386.29,-26.29,-3.28
385.87,-26.39,-3.31
385.50,-26.35,-3.26
385.05,-26.49,-3.30
384.73,-26.41,-3.24
384.50,-26.16,-3.07
384.63,-25.39,-2.62
384.47,-25.03,-2.40
384.50,-24.43,-2.05
384.72,-23.53,-1.54
384.79,-22.85,-1.15
384.96,-22.05,-0.70
384.99,-21.46,-0.36
384.92,-21.07,-0.15
384.88,-20.64,0.09
384.63,-20.51,0.16
384.39,-20.39,0.22
384.15,-20.29,0.28
384.03,-19.96,0.46
383.87,-19.74,0.58
383.65,-19.57,0.66
383.60,-19.18,0.87
383.14,-19.45,0.72
383.03,-19.10,0.90
382.83,-18.97,0.97
382.42,-19.11,0.88
382.40,-18.68,1.11
382.17,-18.58,1.16
382.12,-18.17,1.37
382.07,-17.80,1.56
381.78,-17.79,1.56
381.65,-17.55,1.68
381.31,-17.63,1.61
381.08,-17.54,1.65
380.65,-17.77,1.51
380.51,-17.56,1.62
380.22,-17.57,1.60
379.88,-17.66,1.54
379.50,-17.79,1.45
379.40,-17.52,1.59
379.23,-17.34,1.67
379.10,-17.08,1.80
378.79,-17.14,1.75
378.49,-17.15,1.73
378.28,-17.05,1.77
378.04,-17.00,1.78
377.93,-16.71,1.93
377.75,-16.57,1.99
377.73,-16.15,2.20
377.43,-16.22,2.15
377.23,-16.12,2.18
376.85,-16.28,2.08
376.59,-16.26,2.07
376.53,-15.91,2.24
376.26,-15.93,2.21
375.92,-16.06,2.13
375.74,-15.91,2.19
375.47,-15.92,2.17
375.18,-15.96,2.12
374.72,-16.26,1.94
374.53,-16.14,1.99
374.37,-15.96,2.07
374.05,-16.05,2.00
373.72,-16.17,1.92
373.48,-16.10,1.95
373.56,-15.58,2.22
373.26,-15.61,2.18
373.04,-15.56,2.19
372.82,-15.51,2.20
372.40,-15.75,2.05
372.38,-15.38,2.23
371.98,-15.59,2.10
371.80,-15.47,2.15
371.62,-15.36,2.19
371.19,-15.61,2.03
371.10,-15.35,2.16
370.60,-15.72,1.94
370.38,-15.66,1.95
370.35,-15.32,2.13
370.56,-14.56,2.52
370.57,-14.16,2.73
370.36,-14.11,2.73
370.14,-14.07,2.73
370.05,-13.84,2.83
369.62,-14.13,2.65
369.32,-14.23,2.57
369.05,-14.27,2.52
368.74,-14.36,2.45
368.21,-14.82,2.18
368.12,-14.55,2.31
367.85,-14.61,2.26
367.71,-14.45,2.33
367.44,-14.46,2.30
367.42,-14.12,2.47
367.13,-14.19,2.41
366.98,-14.05,2.47
366.88,-13.83,2.57
366.41,-14.20,2.34
366.30,-13.99,2.44
365.98,-14.13,2.34
365.98,-13.77,2.52
366.08,-13.25,2.79
365.95,-13.08,2.85
365.92,-12.75,3.01
365.94,-12.39,3.18
365.77,-12.30,3.21
365.68,-12.10,3.29
365.81,-11.53,3.58
365.42,-11.82,3.39
365.44,-11.46,3.56
355.29,-19.28,-1.33
353.73,-21.56,-2.49
353.02,-22.21,-2.80
352.61,-22.38,-2.87
352.33,-22.33,-2.82
351.98,-22.37,-2.82
351.90,-22.09,-2.64
351.88,-21.75,-2.42
351.80,-21.52,-2.27
351.73,-21.29,-2.11
351.45,-21.26,-2.07
351.39,-21.04,-1.91
351.37,-20.79,-1.74
351.41,-20.47,-1.52
351.17,-20.43,-1.48
351.02,-20.29,-1.38
351.13,-19.93,-1.13
350.78,-20.00,-1.17
350.66,-19.83,-1.05
350.53,-19.69,-0.95
350.35,-19.58,-0.86
350.25,-19.41,-0.75
350.12,-19.26,-0.65
350.02,-19.07,-0.52
349.68,-19.13,-0.55
349.55,-18.96,-0.44
349.29,-18.94,-0.42
349.33,-18.62,-0.22
349.07,-18.58,-0.19
349.04,-18.32,-0.03
348.88,-18.18,0.06
348.53,-18.26,0.00
348.09,-18.45,-0.11
347.76,-18.49,-0.13
347.44,-18.54,-0.16
347.22,-18.47,-0.12
346.83,-18.58,-0.18
346.80,-18.29,-0.01
346.49,-18.32,-0.03
346.34,-18.16,0.06
346.06,-18.17,0.06
345.71,-18.24,0.02
345.74,-17.88,0.23
345.70,-17.56,0.41
345.52,-17.46,0.47
345.46,-17.20,0.61
345.15,-17.22,0.59
345.07,-16.99,0.72
344.87,-16.88,0.77
344.55,-16.96,0.72
344.42,-16.79,0.81
344.33,-16.54,0.94
344.21,-16.35,1.04
344.25,-15.95,1.25
343.95,-16.03,1.20
343.54,-16.24,1.08
343.36,-16.11,1.14
343.41,-15.69,1.36
343.25,-15.57,1.41
342.84,-15.77,1.29
342.73,-15.58,1.39
342.41,-15.65,1.34
342.29,-15.47,1.42
342.28,-15.14,1.59
342.11,-15.02,1.64
341.43,-15.63,1.30
341.22,-15.56,1.33
340.99,-15.53,1.33
340.70,-15.59,1.29
340.34,-15.73,1.20
340.18,-15.60,1.26
339.82,-15.74,1.17
339.61,-15.69,1.19
339.22,-15.89,1.08
338.92,-15.94,1.04
338.79,-15.76,1.13
338.51,-15.81,1.09
338.30,-15.73,1.12
338.04,-15.75,1.11
337.65,-15.93,1.00
337.40,-15.94,0.99
336.99,-16.18,0.85
336.67,-16.25,0.81
336.62,-15.96,0.95
336.14,-16.28,0.78
335.72,-16.52,0.64
335.68,-16.20,0.81
335.42,-16.19,0.80
335.28,-16.03,0.89
335.03,-16.01,0.89
334.71,-16.11,0.83
334.62,-15.87,0.95
334.34,-15.90,0.93
334.21,-15.72,1.01
333.99,-15.65,1.04
333.90,-15.43,1.15
333.63,-15.46,1.12
333.58,-15.15,1.28
333.34,-15.15,1.27
333.43,-14.66,1.52
333.07,-14.82,1.42
332.91,-14.70,1.47
332.89,-14.36,1.64
332.76,-14.20,1.71
332.64,-14.04,1.78
332.58,-13.76,1.92
332.59,-13.40,2.09
332.31,-13.47,2.04
332.40,-12.99,2.27
332.34,-12.76,2.38
332.07,-12.81,2.33
331.95,-12.68,2.38
331.63,-12.81,2.29
331.51,-12.67,2.35
331.24,-12.75,2.29
330.85,-13.01,2.13
330.65,-12.98,2.13
330.43,-12.99,2.11
330.34,-12.80,2.19
330.02,-12.97,2.09
329.70,-13.10,2.00
329.58,-12.95,2.06
329.43,-12.86,2.09
329.11,-12.99,2.00
328.95,-12.91,2.03
328.79,-12.82,2.06
328.43,-13.03,1.93
328.18,-13.10,1.88
328.07,-12.91,1.97
327.89,-12.86,1.98
327.55,-13.04,1.87
327.50,-12.79,1.98
327.42,-12.58,2.08
327.04,-12.82,1.93
326.80,-12.86,1.89
326.69,-12.69,1.97
326.14,-13.23,1.67
325.76,-13.47,1.53
325.31,-13.82,1.33
324.89,-14.11,1.16
324.67,-14.11,1.15
324.24,-14.41,0.98
323.83,-14.70,0.82
323.49,-14.85,0.73
323.16,-15.00,0.64
322.91,-15.03,0.62
322.56,-15.20,0.53
322.01,-15.69,0.26
321.69,-15.79,0.20
321.55,-15.63,0.28
321.29,-15.67,0.26
320.96,-15.79,0.19
320.70,-15.82,0.18
320.41,-15.88,0.14
320.09,-16.01,0.07
319.79,-16.09,0.03
319.40,-16.30,-0.08
319.32,-16.04,0.06
319.11,-15.97,0.09
318.98,-15.79,0.19
318.77,-15.75,0.21
318.51,-15.76,0.20
318.22,-15.85,0.15
317.98,-15.85,0.15
317.84,-15.67,0.25
317.44,-15.92,0.11
317.29,-15.75,0.20
317.30,-15.37,0.40
316.95,-15.54,0.31
316.83,-15.34,0.42
316.45,-15.57,0.29
316.12,-15.69,0.22
316.08,-15.39,0.38
316.20,-14.83,0.68
316.03,-14.71,0.74
315.72,-14.84,0.66
315.65,-14.57,0.81
315.41,-14.59,0.79
315.30,-14.41,0.88
315.18,-14.23,0.97
315.17,-13.89,1.15
315.01,-13.79,1.19
314.82,-13.76,1.20
314.85,-13.34,1.41
314.66,-13.29,1.43
314.15,-13.74,1.17
313.97,-13.70,1.19
313.41,-14.21,0.90
313.07,-14.39,0.79
312.63,-14.72,0.61
312.35,-14.79,0.56
312.25,-14.59,0.67
312.10,-14.45,0.74
311.78,-14.60,0.65
311.52,-14.64,0.62
311.34,-14.57,0.65
311.31,-14.27,0.82
311.18,-14.09,0.90
310.95,-14.11,0.89
310.75,-14.05,0.91
310.66,-13.86,1.01
310.29,-14.09,0.87
310.00,-14.18,0.82
309.81,-14.13,0.84
309.50,-14.27,0.76
309.30,-14.21,0.78
309.02,-14.31,0.72
308.65,-14.52,0.60
308.10,-15.03,0.32
308.00,-14.83,0.42
307.67,-14.97,0.34
307.32,-15.16,0.24
307.18,-15.00,0.32
307.03,-14.87,0.39
306.95,-14.64,0.51
306.83,-14.46,0.61
306.63,-14.41,0.62
306.31,-14.55,0.54
306.12,-14.51,0.56
305.56,-15.02,0.28
305.36,-14.96,0.31
305.13,-14.96,0.31
304.82,-15.07,0.25
304.35,-15.46,0.03
304.17,-15.37,0.08
303.91,-15.38,0.07
303.72,-15.32,0.10
303.40,-15.46,0.03
303.46,-14.98,0.29
303.29,-14.89,0.34
303.13,-14.75,0.41
302.87,-14.81,0.37
302.68,-14.76,0.40
302.56,-14.57,0.50
302.40,-14.48,0.54
302.11,-14.56,0.49
302.16,-14.12,0.73
302.23,-13.67,0.98
302.06,-13.58,1.02
301.67,-13.85,0.86
301.56,-13.67,0.95
301.25,-13.82,0.86
300.88,-14.06,0.72
300.42,-14.42,0.52
300.10,-14.57,0.43
300.07,-14.27,0.59
299.69,-14.53,0.44
299.33,-14.74,0.32
299.13,-14.68,0.35
298.85,-14.76,0.31
298.55,-14.89,0.23
298.11,-15.20,0.06
297.78,-15.37,-0.03
297.57,-15.30,0.00
297.44,-15.15,0.09
297.33,-14.97,0.19
296.97,-15.15,0.08
296.67,-15.27,0.02
296.47,-15.18,0.07
296.29,-15.11,0.11
296.07,-15.10,0.11
295.58,-15.49,-0.11
295.49,-15.26,0.02
295.56,-14.77,0.29
295.30,-14.84,0.25
294.83,-15.22,0.04
294.63,-15.14,0.08
294.48,-15.02,0.15
294.05,-15.34,-0.03
293.88,-15.22,0.04
293.49,-15.48,-0.11
293.30,-15.38,-0.05
293.08,-15.37,-0.04
292.99,-15.15,0.08
292.86,-14.96,0.18
292.73,-14.81,0.26
292.54,-14.74,0.30
292.31,-14.75,0.29
291.83,-15.16,0.06
291.63,-15.09,0.10
291.34,-15.19,0.05
291.09,-15.20,0.04
290.81,-15.28,-0.00
290.83,-14.88,0.21
290.63,-14.81,0.25
290.36,-14.89,0.21
290.27,-14.65,0.34
290.19,-14.42,0.46
289.96,-14.44,0.45
289.55,-14.71,0.29
289.42,-14.57,0.37
289.16,-14.63,0.33
289.05,-14.43,0.44
288.97,-14.20,0.56
288.91,-13.94,0.70
288.66,-13.98,0.67
288.47,-13.95,0.68
288.09,-14.18,0.55
287.93,-14.09,0.59
287.80,-13.94,0.67
287.43,-14.18,0.54
287.10,-14.35,0.44
286.96,-14.20,0.52
286.77,-14.17,0.53
286.77,-13.80,0.73
286.43,-14.00,0.61
286.23,-13.96,0.63
286.33,-13.45,0.90
285.98,-13.66,0.78
285.78,-13.65,0.78
285.57,-13.64,0.78
285.40,-13.58,0.80
285.08,-13.73,0.72
284.79,-13.85,0.64
284.65,-13.74,0.70
284.50,-13.62,0.76
284.33,-13.55,0.79
284.19,-13.42,0.85
284.02,-13.34,0.89
284.04,-12.99,1.08
284.01,-12.69,1.23
283.67,-12.91,1.10
283.40,-13.00,1.04
283.15,-13.06,1.00
282.92,-13.11,0.97
282.88,-12.82,1.12
282.75,-12.71,1.17
282.62,-12.57,1.24
282.53,-12.40,1.32
282.34,-12.38,1.32
282.35,-12.03,1.50
282.28,-11.83,1.59
282.15,-11.74,1.63
281.78,-12.00,1.48
281.77,-11.71,1.62
281.70,-11.50,1.72
281.38,-11.70,1.60
281.24,-11.62,1.63
281.16,-11.43,1.72
281.12,-11.20,1.83
280.61,-11.69,1.54
280.55,-11.49,1.64
280.26,-11.64,1.55
279.90,-11.90,1.39
279.57,-12.13,1.25
279.58,-11.77,1.44
279.47,-11.65,1.50
279.26,-11.69,1.46
279.03,-11.73,1.43
278.80,-11.79,1.38
278.50,-11.95,1.28
278.36,-11.87,1.31
278.01,-12.12,1.16
278.03,-11.75,1.36
277.82,-11.79,1.33
277.42,-12.12,1.13
277.31,-11.98,1.20
277.20,-11.85,1.26
277.08,-11.72,1.32
276.71,-12.00,1.16
276.24,-12.44,0.91
276.18,-12.21,1.02
275.90,-12.34,0.94
275.65,-12.41,0.89
275.47,-12.39,0.90
275.23,-12.46,0.85
274.79,-12.83,0.64
274.40,-13.13,0.47
274.16,-13.17,0.45
274.04,-13.05,0.51
273.92,-12.91,0.58
273.87,-12.66,0.72
273.60,-12.77,0.65
273.52,-12.59,0.74
273.24,-12.72,0.66
273.08,-12.67,0.69
272.98,-12.50,0.77
272.81,-12.46,0.79
272.48,-12.66,0.67
272.37,-12.52,0.75
272.30,-12.32,0.85
272.08,-12.34,0.83
272.18,-11.87,1.08
272.11,-11.68,1.18
271.79,-11.88,1.06
271.65,-11.80,1.09
271.36,-11.94,1.00
271.11,-12.04,0.94
271.15,-11.69,1.13
270.90,-11.76,1.08
270.88,-11.49,1.22
270.82,-11.28,1.32
270.45,-11.59,1.14
270.47,-11.25,1.32
270.55,-10.83,1.54
270.37,-10.83,1.53
270.10,-10.97,1.43
269.96,-10.89,1.47
269.58,-11.23,1.27
269.50,-11.03,1.36
269.28,-11.11,1.31
268.94,-11.37,1.16
268.72,-11.40,1.13
268.47,-11.51,1.06
268.24,-11.57,1.02
267.83,-11.93,0.81
267.56,-12.06,0.74
267.37,-12.04,0.74
267.08,-12.21,0.64
266.68,-12.52,0.46
266.30,-12.81,0.30
266.17,-12.72,0.35
265.87,-12.86,0.27
265.52,-13.10,0.13
264.99,-13.61,-0.15
264.68,-13.78,-0.24
264.21,-14.19,-0.47
263.74,-14.60,-0.69
263.43,-14.75,-0.76
263.23,-14.73,-0.75
262.81,-15.02,-0.90
262.42,-15.30,-1.05
262.27,-15.17,-0.97
262.00,-15.24,-1.00
261.57,-15.58,-1.18
261.06,-16.01,-1.40
260.79,-16.08,-1.43
260.57,-16.04,-1.40
260.31,-16.09,-1.41
260.02,-16.19,-1.46
259.98,-15.85,-1.25
259.64,-16.04,-1.35
259.37,-16.08,-1.36
259.21,-15.97,-1.29
259.22,-15.60,-1.07
258.99,-15.59,-1.06
258.80,-15.53,-1.02
258.46,-15.71,-1.11
258.18,-15.80,-1.15
258.10,-15.58,-1.02
257.91,-15.49,-0.96
257.81,-15.30,-0.85
257.59,-15.31,-0.84
257.64,-14.86,-0.59
257.59,-14.58,-0.43
257.44,-14.46,-0.36
257.18,-14.54,-0.40
257.18,-14.20,-0.21
256.93,-14.23,-0.23
256.42,-14.71,-0.49
256.20,-14.69,-0.47
256.15,-14.42,-0.32
255.71,-14.79,-0.52
255.26,-15.13,-0.70
255.07,-15.08,-0.67
254.65,-15.38,-0.83
254.32,-15.55,-0.92
253.99,-15.71,-1.00
253.89,-15.49,-0.87
253.58,-15.63,-0.94
253.49,-15.42,-0.81
253.13,-15.60,-0.90
252.59,-16.10,-1.17
252.33,-16.12,-1.18
251.98,-16.30,-1.27
251.83,-16.18,-1.18
251.51,-16.29,-1.24
251.38,-16.14,-1.14
251.17,-16.08,-1.10
250.63,-16.57,-1.36
250.52,-16.36,-1.24
250.23,-16.44,-1.27
249.88,-16.62,-1.35
249.72,-16.47,-1.26
249.38,-16.63,-1.34
249.12,-16.67,-1.35
249.09,-16.31,-1.14
248.79,-16.41,-1.19
248.57,-16.37,-1.15
248.29,-16.44,-1.18
247.99,-16.54,-1.23
248.05,-16.04,-0.94
247.92,-15.88,-0.85
247.83,-15.67,-0.72
247.73,-15.44,-0.59
247.66,-15.20,-0.45
247.67,-14.79,-0.22
247.23,-15.15,-0.42
247.00,-15.16,-0.42
246.86,-15.00,-0.33
246.67,-14.95,-0.30
246.48,-14.88,-0.26
246.52,-14.47,-0.03
246.42,-14.28,0.07
246.23,-14.22,0.11
246.19,-13.94,0.26
246.16,-13.64,0.42
246.05,-13.47,0.51
246.24,-12.86,0.85
245.99,-12.90,0.81
245.64,-13.15,0.67
245.69,-12.75,0.89
245.58,-12.60,0.96
245.53,-12.38,1.08
245.35,-12.32,1.10
245.32,-12.06,1.23
245.19,-11.97,1.27
245.17,-11.69,1.42
244.92,-11.78,1.35
244.65,-11.89,1.28
244.58,-11.69,1.38
244.28,-11.87,1.27
244.08,-11.86,1.26
243.77,-12.05,1.15
243.57,-12.06,1.14
243.41,-12.00,1.15
243.22,-11.99,1.15
242.90,-12.18,1.04
242.51,-12.49,0.86
242.25,-12.58,0.80
242.13,-12.45,0.86
241.52,-13.12,0.49
241.22,-13.25,0.41
240.79,-13.61,0.21
240.48,-13.76,0.13
240.36,-13.60,0.22
239.99,-13.87,0.07
239.64,-14.07,-0.04
239.48,-13.99,0.00
239.20,-14.10,-0.06
238.79,-14.40,-0.22
238.17,-15.04,-0.58
237.89,-15.11,-0.61
237.54,-15.32,-0.72
237.25,-15.42,-0.77
237.01,-15.41,-0.76
236.81,-15.38,-0.73
236.63,-15.28,-0.68
236.30,-15.46,-0.77
236.14,-15.35,-0.70
236.24,-14.82,-0.40
236.12,-14.66,-0.31
235.87,-14.68,-0.32
235.65,-14.69,-0.32
235.45,-14.66,-0.30
235.31,-14.53,-0.23
235.27,-14.24,-0.07
235.04,-14.27,-0.08
234.73,-14.39,-0.15
234.63,-14.23,-0.06
234.52,-14.04,0.05
234.57,-13.63,0.27
234.47,-13.45,0.37
234.29,-13.40,0.39
234.22,-13.18,0.51
233.76,-13.57,0.29
233.58,-13.53,0.31
233.53,-13.28,0.45
233.50,-12.98,0.61
233.25,-13.06,0.56
233.07,-13.01,0.58
233.00,-12.81,0.69
232.74,-12.90,0.63
232.39,-13.12,0.50
232.23,-13.05,0.54
231.91,-13.24,0.43
231.90,-12.93,0.60
231.69,-12.95,0.58
231.41,-13.05,0.52
230.96,-13.44,0.30
230.80,-13.37,0.34
230.59,-13.36,0.34
230.44,-13.28,0.38
229.91,-13.78,0.10
229.68,-13.81,0.08
229.49,-13.78,0.10
229.35,-13.65,0.17
229.18,-13.60,0.20
228.93,-13.65,0.17
228.91,-13.35,0.33
228.84,-13.15,0.44
228.52,-13.30,0.35
228.36,-13.24,0.38
228.39,-12.85,0.60
228.21,-12.83,0.60
227.97,-12.89,0.56
227.88,-12.70,0.66
227.47,-13.03,0.48
227.31,-12.98,0.50
227.01,-13.11,0.42
226.54,-13.54,0.18
226.15,-13.81,0.03
225.92,-13.85,0.01
225.37,-14.39,-0.28
225.03,-14.56,-0.38
224.81,-14.57,-0.38
224.82,-14.19,-0.17
224.42,-14.49,-0.33
224.18,-14.52,-0.35
223.88,-14.64,-0.41
223.50,-14.90,-0.55
223.44,-14.63,-0.39
222.97,-15.03,-0.61
222.50,-15.42,-0.82
222.09,-15.70,-0.97
221.79,-15.81,-1.02
221.56,-15.79,-1.00
221.30,-15.84,-1.02
221.00,-15.95,-1.07
220.72,-16.01,-1.10
220.49,-16.02,-1.09
220.30,-15.95,-1.04
219.74,-16.45,-1.31
219.39,-16.63,-1.40
219.10,-16.69,-1.42
218.57,-17.15,-1.66
218.52,-16.85,-1.48
218.30,-16.79,-1.44
218.06,-16.80,-1.43
217.74,-16.91,-1.48
217.66,-16.64,-1.32
217.48,-16.56,-1.26
217.25,-16.53,-1.23
217.09,-16.41,-1.16
216.70,-16.62,-1.26
216.52,-16.53,-1.21
215.93,-17.09,-1.50
215.65,-17.12,-1.51
215.49,-16.99,-1.42
215.22,-17.03,-1.43
214.92,-17.13,-1.47
214.67,-17.13,-1.47
214.53,-16.95,-1.35
214.34,-16.87,-1.30
214.17,-16.76,-1.23
214.00,-16.63,-1.14
213.63,-16.83,-1.24
213.08,-17.30,-1.49
212.96,-17.09,-1.36
212.78,-16.99,-1.30
212.60,-16.88,-1.22
212.53,-16.61,-1.06
212.35,-16.48,-0.99
211.95,-16.74,-1.12
211.79,-16.61,-1.04
211.67,-16.39,-0.91
211.45,-16.37,-0.89
211.38,-16.07,-0.72
211.32,-15.80,-0.56
211.08,-15.82,-0.57
210.70,-16.03,-0.68
210.43,-16.07,-0.70
210.07,-16.27,-0.80
209.79,-16.32,-0.82
209.37,-16.61,-0.97
209.28,-16.34,-0.82
209.02,-16.38,-0.83
208.88,-16.23,-0.74
208.46,-16.49,-0.88
208.26,-16.44,-0.84
208.09,-16.30,-0.76
207.78,-16.41,-0.82
207.73,-16.11,-0.64
207.36,-16.31,-0.74
207.11,-16.33,-0.75
206.61,-16.72,-0.96
206.15,-17.06,-1.14
205.88,-17.11,-1.15
205.55,-17.21,-1.20
205.33,-17.16,-1.16
204.93,-17.38,-1.28
204.60,-17.51,-1.33
204.37,-17.47,-1.30
204.13,-17.43,-1.27
204.00,-17.25,-1.16
203.84,-17.11,-1.08
203.48,-17.27,-1.15
203.33,-17.09,-1.04
203.16,-16.94,-0.95
202.90,-16.95,-0.95
202.60,-17.05,-0.99
202.57,-16.67,-0.78
202.52,-16.36,-0.60
202.20,-16.47,-0.66
201.93,-16.51,-0.67
201.92,-16.14,-0.47
201.67,-16.15,-0.46
201.64,-15.82,-0.28
201.57,-15.53,-0.12
201.42,-15.41,-0.05
201.17,-15.43,-0.06
201.01,-15.30,0.01
200.78,-15.30,0.01
200.41,-15.52,-0.11
200.38,-15.19,0.07
200.17,-15.17,0.08
200.06,-14.97,0.20
199.83,-14.97,0.19
199.47,-15.17,0.08
199.50,-14.74,0.31
199.37,-14.59,0.39
199.24,-14.43,0.48
199.12,-14.27,0.56
199.12,-13.92,0.75
198.65,-14.30,0.54
198.35,-14.42,0.46
198.24,-14.23,0.57
197.83,-14.52,0.40
197.60,-14.54,0.39
197.32,-14.61,0.35
196.92,-14.89,0.19
196.60,-15.02,0.11
196.34,-15.07,0.09
196.08,-15.13,0.06
195.87,-15.07,0.08
195.66,-15.04,0.10
195.35,-15.17,0.03
195.14,-15.12,0.06
194.92,-15.12,0.06
194.60,-15.24,-0.01
194.54,-14.98,0.14
194.31,-14.98,0.13
194.12,-14.90,0.17
193.79,-15.06,0.09
193.44,-15.24,-0.01
193.07,-15.46,-0.13
192.84,-15.46,-0.13
192.77,-15.18,0.02
192.73,-14.87,0.19
192.68,-14.58,0.35
192.47,-14.57,0.35
192.31,-14.46,0.41
192.28,-14.14,0.58
192.16,-13.99,0.66
191.92,-14.00,0.65
191.68,-14.03,0.63
191.66,-13.72,0.79
191.53,-13.58,0.86
191.56,-13.20,1.07
191.67,-12.69,1.34
191.56,-12.52,1.42
191.20,-12.77,1.27
191.22,-12.40,1.46
190.90,-12.59,1.35
190.64,-12.67,1.29
190.54,-12.50,1.37
190.47,-12.29,1.47
190.56,-11.82,1.72
190.29,-11.93,1.65
190.01,-12.07,1.56
189.71,-12.21,1.47
189.38,-12.42,1.34
189.12,-12.49,1.29
188.91,-12.51,1.27
188.99,-12.08,1.49
188.59,-12.38,1.31
188.50,-12.21,1.40
188.34,-12.15,1.42
188.33,-11.87,1.56
188.19,-11.78,1.60
187.77,-12.12,1.40
187.49,-12.24,1.32
187.16,-12.46,1.19
186.61,-12.99,0.88
186.32,-13.14,0.80
185.64,-13.86,0.39
185.25,-14.15,0.23
185.04,-14.15,0.23
184.72,-14.29,0.15
184.23,-14.72,-0.09
183.87,-14.91,-0.20
183.58,-15.03,-0.26
183.35,-15.03,-0.26
182.95,-15.30,-0.40
182.73,-15.29,-0.39
182.48,-15.30,-0.40
182.06,-15.60,-0.56
181.80,-15.65,-0.58
181.40,-15.91,-0.72
181.28,-15.73,-0.61
181.02,-15.78,-0.63
180.68,-15.91,-0.70
180.50,-15.84,-0.66
180.17,-15.97,-0.73
179.86,-16.09,-0.78
179.67,-16.02,-0.74
179.41,-16.04,-0.74
178.92,-16.45,-0.96
178.72,-16.36,-0.91
178.51,-16.32,-0.88
178.21,-16.42,-0.92
177.83,-16.61,-1.02
177.61,-16.58,-1.00
177.47,-16.41,-0.89
177.38,-16.17,-0.75
177.16,-16.15,-0.74
176.99,-16.02,-0.66
176.61,-16.25,-0.78
176.53,-15.97,-0.62
176.41,-15.80,-0.52
175.95,-16.16,-0.71
175.52,-16.44,-0.86
175.39,-16.27,-0.76
175.19,-16.21,-0.72
174.82,-16.39,-0.81
174.52,-16.49,-0.86
174.40,-16.28,-0.74
174.22,-16.19,-0.68
173.84,-16.42,-0.80
173.64,-16.32,-0.74
173.68,-15.88,-0.49
173.54,-15.72,-0.40
173.24,-15.83,-0.46
172.95,-15.92,-0.50
172.42,-16.36,-0.74
172.15,-16.40,-0.76
171.93,-16.36,-0.73
171.52,-16.62,-0.86
171.45,-16.35,-0.71
171.04,-16.60,-0.84
170.83,-16.55,-0.81
170.69,-16.40,-0.72
170.42,-16.44,-0.74
170.13,-16.52,-0.77
169.85,-16.56,-0.79
169.62,-16.54,-0.77
169.33,-16.62,-0.81
168.77,-17.09,-1.06
168.59,-16.99,-1.00
168.37,-16.92,-0.95
167.93,-17.23,-1.11
167.49,-17.53,-1.27
167.44,-17.19,-1.07
167.27,-17.07,-0.99
166.99,-17.09,-1.00
166.70,-17.16,-1.02
166.53,-17.03,-0.95
166.36,-16.88,-0.86
166.14,-16.85,-0.83
165.81,-16.96,-0.89
165.59,-16.92,-0.85
165.29,-17.01,-0.90
165.12,-16.85,-0.80
165.00,-16.66,-0.69
164.67,-16.79,-0.76
164.42,-16.78,-0.74
164.30,-16.58,-0.63
164.08,-16.51,-0.59
163.75,-16.65,-0.66
163.68,-16.38,-0.50
163.37,-16.46,-0.54
163.05,-16.58,-0.61
162.93,-16.38,-0.49
162.85,-16.11,-0.34
162.52,-16.25,-0.41
162.15,-16.44,-0.51
161.97,-16.34,-0.45
161.78,-16.24,-0.39
161.60,-16.15,-0.34
161.45,-16.01,-0.26
161.14,-16.09,-0.30
160.90,-16.09,-0.30
160.53,-16.27,-0.40
160.21,-16.40,-0.46
159.86,-16.57,-0.56
159.78,-16.28,-0.39
159.67,-16.08,-0.28
159.48,-16.01,-0.23
159.41,-15.71,-0.07
159.32,-15.48,0.06
159.20,-15.29,0.16
158.98,-15.27,0.17
158.67,-15.38,0.11
158.58,-15.14,0.24
158.47,-14.96,0.34
158.17,-15.05,0.29
157.77,-15.32,0.14
157.68,-15.10,0.26
157.21,-15.46,0.06
156.99,-15.42,0.08
156.60,-15.65,-0.05
156.29,-15.78,-0.12
156.01,-15.85,-0.16
155.97,-15.51,0.03
155.70,-15.57,-0.01
155.28,-15.86,-0.16
155.27,-15.51,0.03
155.23,-15.20,0.20
155.12,-15.00,0.31
154.75,-15.21,0.19
154.45,-15.33,0.12
154.29,-15.19,0.20
154.26,-14.87,0.37
154.12,-14.71,0.46
154.12,-14.35,0.65
153.88,-14.39,0.63
153.71,-14.25,0.70
153.68,-13.98,0.84
153.52,-13.87,0.89
153.39,-13.73,0.96
153.11,-13.82,0.90
152.93,-13.75,0.94
152.77,-13.67,0.97
152.62,-13.54,1.03
152.40,-13.55,1.02
152.14,-13.63,0.97
152.15,-13.24,1.17
151.77,-13.53,1.01
151.68,-13.32,1.11
151.50,-13.26,1.14
151.26,-13.30,1.11
151.06,-13.26,1.12
151.18,-12.74,1.40
150.85,-12.95,1.27
150.68,-12.86,1.31
150.64,-12.60,1.44
150.33,-12.75,1.35
150.20,-12.64,1.39
149.88,-12.82,1.28
149.69,-12.78,1.29
149.52,-12.72,1.32
149.31,-12.71,1.31
149.07,-12.77,1.26
149.08,-12.44,1.44
148.99,-12.25,1.53
148.50,-12.71,1.26
148.43,-12.46,1.39
148.41,-12.18,1.53
148.23,-12.16,1.53
148.01,-12.17,1.51
147.83,-12.14,1.51
147.58,-12.23,1.45
147.46,-12.09,1.52
147.36,-11.94,1.59
147.12,-11.99,1.54
147.01,-11.85,1.61
146.73,-11.99,1.52
146.41,-12.17,1.41
146.00,-12.51,1.21
145.79,-12.52,1.19
145.65,-12.42,1.24
145.40,-12.49,1.19
145.18,-12.50,1.17
145.07,-12.36,1.24
144.94,-12.24,1.29
144.81,-12.14,1.34
144.35,-12.55,1.10
144.22,-12.43,1.16
143.97,-12.50,1.11
143.84,-12.40,1.16
143.63,-12.43,1.13
143.58,-12.20,1.25
143.38,-12.18,1.25
143.32,-11.98,1.35
142.92,-12.29,1.16
142.55,-12.55,1.01
142.43,-12.44,1.07
142.23,-12.41,1.07
142.10,-12.30,1.12
142.20,-11.84,1.37
141.91,-11.98,1.28
141.56,-12.23,1.13
141.18,-12.50,0.97
141.25,-12.09,1.19
141.11,-12.01,1.22
140.78,-12.20,1.11
140.54,-12.27,1.06
140.24,-12.42,0.97
139.91,-12.64,0.84
139.85,-12.42,0.95
139.75,-12.25,1.04
139.43,-12.44,0.93
139.39,-12.20,1.05
139.14,-12.28,1.00
139.10,-12.04,1.12
138.96,-11.93,1.17
138.52,-12.32,0.94
138.35,-12.29,0.95
138.36,-11.95,1.14
138.14,-11.99,1.10
137.93,-12.01,1.08
137.68,-12.11,1.02
137.62,-11.90,1.13
137.42,-11.89,1.12
137.21,-11.93,1.09
136.81,-12.24,0.91
136.75,-12.03,1.02
136.58,-11.99,1.03
136.40,-11.96,1.04
135.90,-12.44,0.76
135.38,-12.94,0.48
134.95,-13.31,0.28
134.74,-13.32,0.27
134.66,-13.11,0.38
134.41,-13.19,0.33
133.92,-13.64,0.08
133.37,-14.17,-0.21
133.09,-14.28,-0.27
132.69,-14.55,-0.41
132.48,-14.55,-0.41
131.98,-14.99,-0.65
131.68,-15.11,-0.71
131.36,-15.26,-0.79
130.88,-15.64,-0.99
130.47,-15.94,-1.15
129.93,-16.43,-1.41
129.59,-16.57,-1.47
129.23,-16.77,-1.57
128.64,-17.31,-1.85
128.11,-17.76,-2.08
127.94,-17.64,-2.00
127.60,-17.76,-2.05
127.46,-17.60,-1.95
126.99,-17.95,-2.12
126.79,-17.87,-2.06
126.45,-18.02,-2.13
125.98,-18.33,-2.28
125.70,-18.38,-2.28
125.62,-18.10,-2.11
125.21,-18.32,-2.22
125.02,-18.23,-2.15
124.94,-17.93,-1.96
124.70,-17.91,-1.93
124.71,-17.49,-1.69
124.52,-17.39,-1.62
124.09,-17.68,-1.77
123.51,-18.17,-2.02
123.43,-17.89,-1.85
123.16,-17.93,-1.85
122.80,-18.07,-1.92
122.79,-17.69,-1.69
122.66,-17.47,-1.56
122.31,-17.64,-1.64
121.99,-17.75,-1.68
121.87,-17.52,-1.54
121.61,-17.53,-1.53
121.23,-17.74,-1.64
121.09,-17.54,-1.51
120.88,-17.47,-1.46
120.73,-17.30,-1.35
120.38,-17.45,-1.43
120.52,-16.85,-1.09
120.08,-17.14,-1.23
119.79,-17.20,-1.26
119.88,-16.65,-0.94
119.63,-16.66,-0.94
119.40,-16.64,-0.92
119.14,-16.65,-0.92
118.96,-16.55,-0.86
118.59,-16.73,-0.95
118.53,-16.44,-0.78
118.12,-16.71,-0.92
118.11,-16.32,-0.70
118.10,-15.95,-0.49
117.80,-16.04,-0.54
117.62,-15.94,-0.48
117.57,-15.66,-0.32
117.26,-15.75,-0.37
116.97,-15.84,-0.41
116.80,-15.74,-0.35
116.53,-15.79,-0.38
116.42,-15.58,-0.26
116.16,-15.61,-0.27
116.01,-15.48,-0.20
115.97,-15.17,-0.03
115.80,-15.06,0.04
115.65,-14.94,0.10
115.38,-14.99,0.07
115.02,-15.21,-0.05
114.79,-15.21,-0.05
114.23,-15.71,-0.33
113.94,-15.80,-0.37
113.74,-15.72,-0.32
113.57,-15.63,-0.27
113.34,-15.63,-0.27
112.98,-15.80,-0.36
112.89,-15.58,-0.24
112.75,-15.43,-0.15
112.46,-15.53,-0.21
112.50,-15.10,0.03
112.06,-15.41,-0.14
112.00,-15.15,0.01
111.80,-15.10,0.03
111.60,-15.04,0.07
111.23,-15.27,-0.06
110.91,-15.39,-0.13
110.85,-15.12,0.02
110.49,-15.33,-0.09
110.30,-15.23,-0.04
110.16,-15.10,0.03
110.16,-14.71,0.25
110.03,-14.56,0.33
109.77,-14.62,0.29
109.46,-14.75,0.22
109.02,-15.08,0.03
108.69,-15.23,-0.05
108.46,-15.23,-0.04
108.31,-15.11,0.02
108.18,-14.93,0.12
107.86,-15.08,0.04
107.66,-15.03,0.06
107.38,-15.11,0.02
107.21,-15.01,0.07
106.62,-15.56,-0.23
106.42,-15.51,-0.20
106.43,-15.13,0.01
106.42,-14.76,0.21
106.35,-14.52,0.34
106.33,-14.17,0.53
106.12,-14.18,0.52
106.20,-13.69,0.79
106.10,-13.50,0.89
106.06,-13.22,1.03
105.85,-13.22,1.03
105.60,-13.27,0.99
105.69,-12.80,1.24
105.29,-13.10,1.06
104.87,-13.43,0.87
104.70,-13.35,0.91
104.31,-13.63,0.75
104.30,-13.32,0.91
104.14,-13.22,0.96
104.09,-12.97,1.09
104.17,-12.53,1.32
103.84,-12.70,1.22
103.70,-12.61,1.25
103.49,-12.61,1.25
103.34,-12.52,1.28
103.12,-12.56,1.25
103.00,-12.40,1.33
102.71,-12.55,1.23
102.39,-12.72,1.13
102.30,-12.55,1.22
102.03,-12.65,1.15
101.86,-12.59,1.17
101.52,-12.80,1.05
101.36,-12.73,1.08
100.89,-13.14,0.84
100.58,-13.31,0.74
100.31,-13.38,0.69
100.33,-13.03,0.88
100.23,-12.87,0.96
99.95,-12.98,0.89
99.89,-12.74,1.02
99.52,-12.99,0.87
99.54,-12.64,1.06
99.24,-12.80,0.96
99.01,-12.82,0.94
98.71,-12.97,0.85
98.32,-13.25,0.69
98.08,-13.31,0.65
97.86,-13.33,0.63
97.79,-13.10,0.76
97.29,-13.57,0.49
97.03,-13.62,0.46
96.54,-14.07,0.21
96.36,-14.01,0.24
96.14,-13.99,0.25
95.93,-14.00,0.24
95.60,-14.16,0.15
95.09,-14.64,-0.12
94.98,-14.46,-0.01
94.75,-14.46,-0.01
94.53,-14.47,-0.02
94.33,-14.43,-0.00
94.08,-14.47,-0.02
93.81,-14.54,-0.06
93.76,-14.26,0.10
93.40,-14.49,-0.03
93.14,-14.55,-0.07
92.85,-14.66,-0.12
92.71,-14.54,-0.05
92.44,-14.59,-0.08
92.46,-14.21,0.13
92.08,-14.48,-0.02
91.70,-14.71,-0.15
91.66,-14.43,0.01
91.51,-14.29,0.08
91.23,-14.39,0.02
90.98,-14.45,-0.01
90.66,-14.59,-0.08
90.37,-14.70,-0.15
90.15,-14.68,-0.13
90.05,-14.49,-0.03
89.71,-14.69,-0.13
89.60,-14.50,-0.03
89.34,-14.56,-0.06
89.18,-14.48,-0.02
89.02,-14.37,0.04
88.96,-14.11,0.19
88.85,-13.92,0.29
88.67,-13.87,0.31
88.61,-13.65,0.43
88.31,-13.75,0.37
88.19,-13.63,0.44
88.09,-13.43,0.54
87.75,-13.64,0.42
87.78,-13.26,0.63
87.56,-13.26,0.62
87.23,-13.45,0.51
87.17,-13.20,0.64
86.99,-13.17,0.66
86.77,-13.19,0.64
86.43,-13.39,0.53
86.41,-13.09,0.68
86.16,-13.17,0.63
86.02,-13.07,0.69
85.67,-13.30,0.56
85.43,-13.33,0.53
85.30,-13.21,0.59
85.05,-13.29,0.55
84.93,-13.13,0.63
84.55,-13.42,0.46
84.34,-13.40,0.47
84.32,-13.10,0.63
84.16,-13.03,0.66
83.81,-13.25,0.54
83.63,-13.22,0.55
83.52,-13.05,0.64
83.40,-12.92,0.70
83.20,-12.92,0.70
82.95,-12.98,0.66
82.68,-13.08,0.60
82.43,-13.14,0.56
82.09,-13.36,0.44
81.69,-13.66,0.27
81.49,-13.62,0.28
81.23,-13.71,0.24
80.98,-13.77,0.20
80.87,-13.59,0.30
80.72,-13.51,0.34
80.64,-13.29,0.45
80.44,-13.29,0.45
80.25,-13.26,0.46
79.99,-13.33,0.42
79.78,-13.33,0.42
79.56,-13.35,0.41
79.54,-13.06,0.56
79.40,-12.95,0.62
79.24,-12.88,0.65
79.03,-12.89,0.64
79.01,-12.58,0.80
78.94,-12.38,0.91
78.87,-12.19,1.00
78.70,-12.13,1.03
78.74,-11.77,1.22
78.46,-11.90,1.14
78.55,-11.45,1.37
78.15,-11.79,1.18
78.06,-11.62,1.26
77.91,-11.56,1.28
77.68,-11.62,1.24
77.65,-11.36,1.37
77.48,-11.34,1.37
77.40,-11.16,1.46
77.13,-11.29,1.37
77.08,-11.09,1.47
76.82,-11.20,1.40
76.62,-11.23,1.37
76.38,-11.30,1.32
76.31,-11.13,1.40
76.21,-11.00,1.46
76.12,-10.84,1.54
76.10,-10.60,1.66
75.89,-10.63,1.62
75.64,-10.74,1.55
75.36,-10.91,1.45
75.18,-10.90,1.44
74.95,-10.99,1.38
74.82,-10.91,1.41
74.63,-10.93,1.39
74.42,-10.97,1.35
74.52,-10.52,1.59
74.62,-10.10,1.81
74.22,-10.46,1.60
74.31,-10.03,1.82
74.05,-10.17,1.72
74.05,-9.89,1.86
73.90,-9.85,1.87
73.30,-10.54,1.47
73.24,-10.34,1.57
73.11,-10.28,1.59
72.95,-10.26,1.59
72.67,-10.44,1.48
72.44,-10.53,1.42
72.23,-10.57,1.38
71.82,-10.94,1.17
71.23,-11.58,0.80
70.94,-11.76,0.70
70.39,-12.34,0.38
70.42,-11.97,0.57
70.28,-11.89,0.61
69.98,-12.08,0.50
69.65,-12.29,0.38
69.50,-12.22,0.42
69.22,-12.35,0.34
68.95,-12.49,0.26
68.54,-12.83,0.07
68.29,-12.91,0.03
68.15,-12.82,0.08
67.81,-13.02,-0.03
67.57,-13.11,-0.08
67.30,-13.22,-0.14
66.98,-13.39,-0.23
67.02,-13.02,-0.03
66.66,-13.26,-0.16
66.27,-13.56,-0.32
66.03,-13.63,-0.36
65.62,-13.94,-0.53
65.37,-14.00,-0.56
62.13,-8.20,2.57
62.58,-7.11,3.11
62.93,-6.29,3.51
63.53,-5.12,4.10
63.63,-4.80,4.24
63.60,-4.68,4.27
63.78,-4.29,4.45
64.04,-3.84,4.67
62.53,-5.40,3.72
63.00,-4.76,4.07
61.70,-5.95,3.31
60.66,-6.84,2.73
59.55,-7.77,2.13
58.73,-8.41,1.71
57.86,-9.09,1.27
57.11,-9.65,0.90
56.38,-10.16,0.56
56.03,-10.34,0.44
55.73,-10.47,0.36
55.42,-10.60,0.27
55.09,-10.76,0.16
54.75,-10.93,0.06
54.45,-11.06,-0.03
54.12,-11.22,-0.13
53.69,-11.48,-0.29
53.62,-11.38,-0.23
53.37,-11.45,-0.27
53.19,-11.47,-0.27
52.88,-11.62,-0.37
52.52,-11.81,-0.48
52.33,-11.83,-0.49
52.01,-11.98,-0.58
51.52,-12.34,-0.79
51.26,-12.43,-0.83
51.10,-12.41,-0.81
50.85,-12.49,-0.85
50.66,-12.50,-0.85
50.42,-12.57,-0.89
50.10,-12.73,-0.97
49.75,-12.94,-1.08
49.58,-12.92,-1.07
49.66,-12.58,-0.86
49.61,-12.42,-0.76
49.44,-12.41,-0.74
49.29,-12.36,-0.71
48.98,-12.54,-0.80
48.89,-12.41,-0.73
48.63,-12.50,-0.77
48.37,-12.62,-0.83
48.25,-12.51,-0.76
47.82,-12.85,-0.95
47.83,-12.60,-0.80
47.69,-12.51,-0.74
47.64,-12.35,-0.65
47.50,-12.29,-0.61
47.13,-12.54,-0.74
47.17,-12.24,-0.57
47.10,-12.09,-0.48
46.78,-12.29,-0.58
46.63,-12.22,-0.54
46.57,-12.06,-0.45
46.26,-12.25,-0.55
46.26,-11.98,-0.40
45.85,-12.31,-0.58
45.71,-12.23,-0.53
45.34,-12.50,-0.67
45.06,-12.65,-0.74
44.66,-12.95,-0.90
44.34,-13.14,-1.00
44.05,-13.29,-1.07
43.72,-13.47,-1.16
43.59,-13.39,-1.11
43.00,-13.95,-1.40
42.74,-14.05,-1.44
42.46,-14.16,-1.49
42.23,-14.20,-1.50
41.78,-14.57,-1.68
41.58,-14.54,-1.65
41.20,-14.80,-1.78
41.01,-14.79,-1.76
40.57,-15.12,-1.92
40.17,-15.40,-2.05
40.00,-15.32,-1.99
39.83,-15.26,-1.95
39.78,-15.03,-1.81
39.45,-15.18,-1.87
39.20,-15.24,-1.89
38.89,-15.40,-1.96
38.47,-15.71,-2.11
38.24,-15.73,-2.10
37.91,-15.88,-2.16
37.50,-16.16,-2.30
37.33,-16.09,-2.24
37.00,-16.24,-2.30
36.61,-16.49,-2.41
36.45,-16.36,-2.33
36.34,-16.20,-2.22
36.10,-16.23,-2.22
35.75,-16.39,-2.29
35.56,-16.35,-2.25
35.18,-16.56,-2.34
35.22,-16.17,-2.11
35.01,-16.15,-2.09
34.77,-16.15,-2.07
34.73,-15.87,-1.91
34.50,-15.86,-1.88
34.38,-15.72,-1.79
34.15,-15.73,-1.78
33.94,-15.70,-1.76
33.85,-15.50,-1.63
33.54,-15.65,-1.70
33.41,-15.49,-1.60
33.10,-15.62,-1.66
32.91,-15.56,-1.61
32.52,-15.82,-1.74
32.20,-15.98,-1.81
31.94,-16.02,-1.81
31.82,-15.86,-1.71
31.75,-15.60,-1.56
31.50,-15.65,-1.57
31.58,-15.19,-1.32
31.24,-15.36,-1.40
31.00,-15.40,-1.41
32.23,-13.14,-0.19
31.95,-13.27,-0.26
33.11,-11.19,0.85
32.41,-11.98,0.43
31.89,-12.50,0.14
31.51,-12.77,-0.00
32.36,-11.16,0.85
31.64,-12.00,0.40
30.90,-12.85,-0.05
31.76,-11.22,0.82
32.36,-10.03,1.44
33.02,-8.74,2.12
33.43,-7.88,2.57
33.72,-7.19,2.91
33.95,-6.63,3.19
34.12,-6.17,3.41
32.83,-7.96,2.42
33.03,-7.42,2.69
33.08,-7.12,2.83
33.10,-6.89,2.93
33.16,-6.59,3.07
33.07,-6.52,3.08
33.19,-6.13,3.26
33.13,-6.02,3.29
32.91,-6.18,3.18
32.74,-6.24,3.12
32.61,-6.25,3.09
32.52,-6.19,3.10
32.18,-6.54,2.89
31.93,-6.72,2.77
31.78,-6.75,2.73
31.66,-6.74,2.71
31.50,-6.78,2.66
31.28,-6.93,2.56
31.07,-7.04,2.48
30.60,-7.57,2.18
28.82,-10.12,0.78
28.90,-9.76,0.97
27.39,-11.85,-0.17
27.67,-11.12,0.23
27.85,-10.57,0.52
26.68,-12.13,-0.32
26.79,-11.69,-0.08
26.85,-11.32,0.12
25.63,-12.93,-0.76
26.12,-11.89,-0.19
24.95,-13.43,-1.02
25.30,-12.58,-0.55
25.44,-12.08,-0.27
25.62,-11.50,0.04
25.70,-11.09,0.26
26.01,-10.35,0.66
25.98,-10.13,0.78
25.97,-9.90,0.90
25.95,-9.67,1.01
24.50,-11.69,-0.09
24.59,-11.28,0.13
24.67,-10.88,0.35
24.81,-10.39,0.61
25.02,-9.80,0.93
25.03,-9.53,1.06
23.55,-11.60,-0.07
23.60,-11.23,0.13
23.64,-10.91,0.31
23.94,-10.16,0.71
24.05,-9.73,0.94
23.95,-9.65,0.97
23.98,-9.34,1.13
23.84,-9.32,1.14
23.88,-9.02,1.29
23.80,-8.90,1.34
23.43,-9.26,1.14
23.29,-9.23,1.15
22.92,-9.56,0.95
22.61,-9.82,0.81
22.41,-9.88,0.77
22.07,-10.17,0.60
21.77,-10.36,0.49
21.49,-10.56,0.38
21.25,-10.68,0.31
21.03,-10.75,0.27
20.62,-11.13,0.06
20.45,-11.12,0.06
20.30,-11.09,0.08
20.02,-11.26,-0.01
19.65,-11.56,-0.18
19.44,-11.63,-0.21
19.27,-11.61,-0.20
19.09,-11.62,-0.20
18.84,-11.74,-0.27
18.43,-12.09,-0.46
18.07,-12.38,-0.61
17.77,-12.57,-0.71
17.68,-12.42,-0.63
17.61,-12.25,-0.53
17.41,-12.27,-0.53
16.97,-12.67,-0.75
16.77,-12.70,-0.76
16.53,-12.77,-0.79
16.41,-12.67,-0.73
16.17,-12.75,-0.76
15.91,-12.86,-0.82
15.83,-12.69,-0.72
15.64,-12.69,-0.71
15.49,-12.63,-0.67
15.29,-12.63,-0.67
15.05,-12.73,-0.72
14.73,-12.94,-0.83
14.70,-12.68,-0.68
14.55,-12.62,-0.64
14.34,-12.65,-0.65
14.06,-12.80,-0.72
13.87,-12.81,-0.73
13.61,-12.91,-0.78
13.62,-12.60,-0.60
13.33,-12.76,-0.68
13.24,-12.59,-0.58
13.20,-12.38,-0.46
12.77,-12.74,-0.65
12.64,-12.66,-0.61
12.27,-12.94,-0.76
12.10,-12.90,-0.73
11.77,-13.13,-0.84
11.57,-13.13,-0.84
11.24,-13.35,-0.95
11.24,-13.05,-0.78
11.12,-12.92,-0.70
11.07,-12.70,-0.57
10.98,-12.54,-0.48
10.92,-12.34,-0.37
10.61,-12.54,-0.48
10.36,-12.62,-0.51
10.34,-12.36,-0.37
10.18,-12.32,-0.34
9.88,-12.50,-0.44
9.87,-12.23,-0.29
9.64,-12.29,-0.32
9.42,-12.34,-0.34
9.20,-12.41,-0.38
8.90,-12.57,-0.46
8.75,-12.51,-0.43
8.16,-13.14,-0.77
7.90,-13.25,-0.82
7.57,-13.48,-0.94
7.21,-13.71,-1.06
7.06,-13.64,-1.01
6.56,-14.10,-1.26
6.03,-14.62,-1.53
5.83,-14.62,-1.52
5.45,-14.85,-1.63
5.26,-14.84,-1.62
5.09,-14.77,-1.56
4.87,-14.78,-1.56
4.63,-14.84,-1.58
4.40,-14.86,-1.57
4.08,-15.02,-1.65
3.84,-15.07,-1.66
3.63,-15.07,-1.65
3.47,-14.99,-1.59
3.30,-14.90,-1.53
2.95,-15.13,-1.64
2.71,-15.18,-1.65
2.56,-15.06,-1.57
2.22,-15.25,-1.67
1.73,-15.67,-1.88
1.52,-15.67,-1.86
1.26,-15.73,-1.88
1.02,-15.74,-1.87
0.96,-15.49,-1.72
0.83,-15.34,-1.62
0.64,-15.29,-1.58
0.61,-15.00,-1.41
0.20,-15.29,-1.55
0.00,-15.26,-1.53
-0.20,-15.23,-1.50
-0.33,-15.09,-1.40
-0.42,-14.90,-1.29
-0.58,-14.80,-1.22
-0.70,-14.65,-1.13
-0.69,-14.31,-0.94
-0.79,-14.12,-0.82
-0.92,-14.01,-0.75
-1.01,-13.80,-0.63
-1.32,-13.98,-0.72
-1.57,-14.05,-0.76
-1.80,-14.06,-0.76
-2.09,-14.21,-0.83
-2.23,-14.08,-0.76
-2.42,-14.05,-0.73
-2.64,-14.07,-0.74
-3.01,-14.32,-0.87
-3.19,-14.28,-0.84
-3.49,-14.41,-0.90
-3.50,-14.09,-0.72
-3.84,-14.30,-0.83
-4.09,-14.36,-0.86
-4.21,-14.22,-0.77
-4.52,-14.36,-0.84
-4.84,-14.54,-0.93
-4.87,-14.25,-0.77
-4.92,-13.99,-0.61
-5.14,-14.01,-0.62
-5.24,-13.84,-0.52
-5.49,-13.90,-0.55
-5.62,-13.78,-0.48
-6.03,-14.09,-0.65
-6.45,-14.43,-0.83
-6.72,-14.53,-0.88
-7.05,-14.70,-0.96
-7.32,-14.79,-1.00
-7.71,-15.04,-1.13
-7.84,-14.91,-1.05
-8.15,-15.06,-1.13
-8.47,-15.21,-1.20
-8.61,-15.09,-1.13
-8.74,-14.92,-1.02
-9.06,-15.09,-1.10
-9.26,-15.07,-1.09
-9.49,-15.07,-1.07
-9.62,-14.93,-0.99
-9.94,-15.10,-1.08
-10.30,-15.33,-1.19
-10.56,-15.40,-1.22
-10.87,-15.50,-1.27
-11.16,-15.62,-1.32
-11.35,-15.57,-1.29
-11.43,-15.33,-1.14
-11.68,-15.37,-1.15
-12.08,-15.63,-1.28
-12.22,-15.50,-1.21
-12.51,-15.62,-1.26
-12.75,-15.62,-1.25
-12.71,-15.20,-1.01
-12.81,-14.99,-0.88
-13.13,-15.16,-0.97
-13.37,-15.18,-0.97
-13.45,-14.94,-0.83
-13.83,-15.20,-0.97
-14.32,-15.61,-1.18
-14.50,-15.54,-1.13
-14.75,-15.59,-1.15
-15.01,-15.62,-1.16
-15.17,-15.52,-1.10
-15.28,-15.33,-0.98
-15.30,-15.01,-0.80
-15.56,-15.07,-0.82
-15.86,-15.18,-0.87
-16.03,-15.10,-0.83
-16.09,-14.85,-0.68
-16.23,-14.70,-0.59
-16.38,-14.60,-0.53
-16.67,-14.70,-0.58
-16.81,-14.58,-0.51
-16.93,-14.43,-0.43
-16.93,-14.08,-0.23
-17.17,-14.12,-0.25
-17.50,-14.28,-0.34
-17.86,-14.52,-0.46
-18.04,-14.47,-0.44
-18.16,-14.30,-0.33
-18.33,-14.23,-0.29
-18.47,-14.11,-0.22
-18.68,-14.10,-0.22
-18.79,-13.95,-0.13
-19.01,-13.94,-0.13
-19.28,-14.05,-0.19
-19.44,-13.97,-0.14
-19.73,-14.07,-0.20
-19.76,-13.79,-0.04
-19.86,-13.60,0.07
-20.05,-13.57,0.08
-20.16,-13.42,0.16
-20.35,-13.38,0.18
-20.73,-13.67,0.03
-20.97,-13.70,0.01
-21.13,-13.62,0.05
-21.31,-13.59,0.06
-21.72,-13.89,-0.10
-21.86,-13.78,-0.04
-22.29,-14.12,-0.22
-22.46,-14.06,-0.19
-22.86,-14.36,-0.35
-23.26,-14.63,-0.50
-23.71,-15.00,-0.70
-23.99,-15.09,-0.74
-24.23,-15.14,-0.76
-24.66,-15.46,-0.93
-25.12,-15.81,-1.12
-25.42,-15.93,-1.17
-26.03,-16.53,-1.49
-26.39,-16.69,-1.57
-26.68,-16.79,-1.61
-27.09,-17.03,-1.73
-27.39,-17.13,-1.77
-27.75,-17.32,-1.86
-27.96,-17.24,-1.80
-28.38,-17.53,-1.94
-28.86,-17.87,-2.11
-29.11,-17.87,-2.10
-29.27,-17.74,-2.01
-29.58,-17.81,-2.03
-30.01,-18.10,-2.17
-30.05,-17.73,-1.95
-30.48,-18.02,-2.10
-30.62,-17.85,-1.98
-30.89,-17.85,-1.97
-31.06,-17.73,-1.88
-31.45,-17.95,-1.99
-31.71,-17.94,-1.97
-31.81,-17.71,-1.82
-32.06,-17.68,-1.79
-32.44,-17.89,-1.89
-32.60,-17.75,-1.80
-32.75,-17.56,-1.68
-32.93,-17.46,-1.61
-33.24,-17.52,-1.63
-33.32,-17.26,-1.47
-33.82,-17.66,-1.68
-34.06,-17.62,-1.64
-33.89,-16.96,-1.26
-34.28,-17.17,-1.37
-34.30,-16.81,-1.16
-34.54,-16.81,-1.15
-34.91,-16.99,-1.24
-34.95,-16.67,-1.05
-35.10,-16.50,-0.95
-35.10,-16.13,-0.74
-33.80,-13.70,0.60
-34.47,-14.41,0.21
-34.94,-14.80,-0.01
-35.16,-14.81,-0.01
-35.47,-14.93,-0.08
-34.40,-12.88,1.05
-33.54,-11.17,1.98
-32.83,-9.76,2.74
-31.98,-8.15,3.61
-31.63,-7.33,4.03
-31.17,-6.36,4.52
-30.88,-5.68,4.86
-32.33,-7.76,3.68
-32.06,-7.10,4.01
-31.82,-6.47,4.32
-31.85,-6.31,4.37
-31.72,-5.86,4.58
-31.69,-5.62,4.68
-31.74,-5.49,4.71
-31.85,-5.46,4.69
-32.03,-5.54,4.60
-32.19,-5.59,4.54
-33.97,-8.18,3.07
-33.91,-7.86,3.23
-35.47,-10.06,1.98
-35.38,-9.66,2.19
-36.83,-11.68,1.06
-36.82,-11.35,1.23
-36.56,-10.65,1.61
-36.60,-10.42,1.72
-36.62,-10.18,1.84
-36.62,-9.91,1.97
-36.91,-10.09,1.85
-37.05,-10.04,1.87
-38.69,-12.36,0.57
-38.62,-11.94,0.80
-38.77,-11.89,0.82
-38.82,-11.66,0.94
-38.72,-11.21,1.18
-40.06,-13.04,0.16
-41.56,-15.09,-0.97
-41.30,-14.34,-0.55
-41.08,-13.64,-0.16
-40.87,-12.98,0.20
-40.95,-12.79,0.31
-42.32,-14.64,-0.71
-43.64,-16.39,-1.67
-43.51,-15.79,-1.33
-43.43,-15.32,-1.06
-44.61,-16.83,-1.88
-45.64,-18.07,-2.54
-44.91,-16.51,-1.66
-44.50,-15.47,-1.07
-45.52,-16.73,-1.76
-46.55,-17.99,-2.44
-45.77,-16.34,-1.51
-46.61,-17.30,-2.02
-47.55,-18.39,-2.61
-48.26,-19.11,-2.98
-48.87,-19.66,-3.26
-49.58,-20.34,-3.61
-50.07,-20.68,-3.77
-50.58,-21.03,-3.92
-51.18,-21.53,-4.17
-51.44,-21.50,-4.12
-51.89,-21.73,-4.21
-52.15,-21.69,-4.15
-52.34,-21.54,-4.04
-51.28,-19.37,-2.80
-51.70,-19.60,-2.91
-52.05,-19.71,-2.94
-52.72,-20.33,-3.26
-52.86,-20.13,-3.12
-53.12,-20.08,-3.06
-53.41,-20.11,-3.05
-53.78,-20.22,-3.09
-53.89,-19.96,-2.92
-54.36,-20.29,-3.08
-54.75,-20.43,-3.13
-54.97,-20.35,-3.06
-55.31,-20.42,-3.07
-55.44,-20.18,-2.91
-55.67,-20.11,-2.85
-55.81,-19.86,-2.69
-55.94,-19.65,-2.55
-56.12,-19.50,-2.45
-56.42,-19.56,-2.46
-56.70,-19.56,-2.44
-57.21,-19.91,-2.61
-57.22,-19.51,-2.37
-57.39,-19.34,-2.26
-57.59,-19.20,-2.16
-57.86,-19.21,-2.15
-57.88,-18.78,-1.89
-58.00,-18.57,-1.76
-58.15,-18.39,-1.64
-58.23,-18.07,-1.46
-58.44,-17.99,-1.40
-58.71,-17.98,-1.38
-59.02,-18.08,-1.42
-59.27,-18.06,-1.40
-59.44,-17.90,-1.30
-59.55,-17.66,-1.16
-59.63,-17.35,-0.98
-59.51,-16.77,-0.65
-59.98,-17.13,-0.84
-60.32,-17.25,-0.90
-60.37,-16.93,-0.72
-60.32,-16.46,-0.45
-60.76,-16.74,-0.61
-60.66,-16.21,-0.30
-61.07,-16.45,-0.43
-61.16,-16.21,-0.30
-61.15,-15.81,-0.07
-61.64,-16.18,-0.28
-61.76,-16.01,-0.18
-62.02,-16.00,-0.18
-62.31,-16.09,-0.23
-62.65,-16.25,-0.31
-63.04,-16.46,-0.42
-63.23,-16.37,-0.37
-63.57,-16.50,-0.44
-63.57,-16.12,-0.23
-63.71,-15.96,-0.14
-63.95,-15.94,-0.12
-64.23,-16.01,-0.16
-64.35,-15.79,-0.04
-64.40,-15.50,0.12
-64.82,-15.80,-0.04
-65.07,-15.79,-0.04
-65.36,-15.87,-0.08
-65.62,-15.91,-0.10
-65.69,-15.62,0.05
-65.82,-15.46,0.14
-66.19,-15.65,0.04
-66.29,-15.43,0.16
-66.41,-15.26,0.25
-66.53,-15.06,0.36
-66.68,-14.93,0.43
-66.96,-14.99,0.39
-67.12,-14.88,0.45
-67.36,-14.90,0.44
-67.64,-14.96,0.39
-67.53,-14.43,0.69
-67.69,-14.31,0.75
-67.90,-14.28,0.76
-68.16,-14.35,0.71
-68.17,-13.98,0.91
-68.26,-13.78,1.01
-68.42,-13.69,1.05
-68.71,-13.81,0.98
-68.84,-13.68,1.04
-69.01,-13.58,1.09
-69.27,-13.65,1.04
-69.46,-13.61,1.05
-69.61,-13.50,1.10
-69.54,-13.05,1.34
-69.90,-13.26,1.21
-70.11,-13.27,1.20
-70.49,-13.54,1.04
-70.64,-13.42,1.10
-70.80,-13.33,1.14
-71.08,-13.42,1.08
-71.21,-13.28,1.15
-71.29,-13.08,1.25
-71.41,-12.92,1.33
-71.63,-12.94,1.30
-71.77,-12.82,1.36
-70.51,-10.50,2.63
-71.07,-11.09,2.28
-71.54,-11.52,2.02
-71.75,-11.55,1.99
-70.84,-9.82,2.92
-71.43,-10.45,2.55
-72.14,-11.29,2.07
-72.71,-11.88,1.73
-73.24,-12.40,1.42
-73.70,-12.82,1.18
-72.52,-10.60,2.39
-73.04,-11.14,2.08
-73.71,-11.89,1.64
-74.45,-12.75,1.16
-74.98,-13.27,0.86
-74.02,-11.40,1.88
-73.24,-9.87,2.71
-74.25,-11.18,1.96
-73.38,-9.50,2.87
-72.70,-8.17,3.58
-72.36,-7.37,3.99
-71.87,-6.36,4.51
-71.65,-5.78,4.79
-71.65,-5.57,4.87
-71.73,-5.49,4.87
-71.48,-4.87,5.17
-71.62,-4.90,5.11
-71.74,-4.90,5.07
-71.79,-4.78,5.09
-72.01,-4.94,4.96
-72.04,-4.79,5.00
-72.17,-4.81,4.95
-72.21,-4.68,4.98
-72.13,-4.35,5.12
-72.36,-4.53,4.97
-72.25,-4.17,5.13
-72.32,-4.10,5.12
-72.44,-4.12,5.07
-72.56,-4.13,5.02
-72.66,-4.10,4.99
-72.97,-4.42,4.77
-73.18,-4.57,4.65
-73.29,-4.57,4.62
-73.65,-4.95,4.37
-73.99,-5.31,4.13
-74.18,-5.42,4.04
-74.32,-5.45,3.99
-74.23,-5.12,4.14
-74.51,-5.37,3.96
-74.71,-5.51,3.85
-74.90,-5.61,3.76
-75.22,-5.91,3.56
-75.46,-6.10,3.43
-75.69,-6.26,3.32
-76.13,-6.76,3.01
-76.50,-7.13,2.79
-76.81,-7.39,2.61
-77.04,-7.55,2.51
-77.21,-7.59,2.46
-77.43,-7.72,2.37
-77.62,-7.81,2.30
-78.00,-8.17,2.08
-78.06,-8.04,2.14
-78.45,-8.41,1.91
-78.61,-8.45,1.88
-78.81,-8.53,1.82
-79.29,-9.05,1.52
-79.51,-9.16,1.44
-79.83,-9.43,1.28
-80.26,-9.84,1.04
-80.47,-9.93,0.99
-80.77,-10.13,0.87
-80.93,-10.13,0.86
-81.21,-10.33,0.75
-81.47,-10.46,0.66
-81.71,-10.59,0.59
-81.44,-9.88,0.97
-81.32,-9.44,1.21
-81.76,-9.90,0.94
-82.03,-10.07,0.85
-82.11,-9.94,0.91
-82.29,-9.95,0.89
-82.70,-10.36,0.66
-82.63,-9.98,0.87
-82.87,-10.09,0.79
-83.01,-10.07,0.80
-82.83,-9.51,1.10
-82.98,-9.51,1.09
-83.02,-9.34,1.18
-83.29,-9.50,1.08
-83.47,-9.55,1.04
-85.17,-11.99,-0.31
-85.11,-11.59,-0.09
-84.75,-10.74,0.38
-84.60,-10.23,0.66
-84.49,-9.81,0.89
-84.34,-9.32,1.15
-84.54,-9.39,1.10
-84.46,-9.03,1.29
-84.68,-9.11,1.23
-86.09,-11.12,0.12
-85.60,-10.08,0.69
-85.57,-9.77,0.85
-85.52,-9.44,1.03
-85.69,-9.46,1.01
-87.11,-11.47,-0.11
-86.97,-10.97,0.17
-86.86,-10.52,0.41
-87.09,-10.62,0.36
-88.56,-12.69,-0.79
-88.25,-11.91,-0.35
-87.87,-11.04,0.13
-87.48,-10.15,0.62
-87.39,-9.75,0.83
-87.33,-9.41,1.01
-88.90,-11.65,-0.23
-90.19,-13.41,-1.19
-91.39,-14.98,-2.05
-92.51,-16.43,-2.83
-91.88,-15.10,-2.07
-92.95,-16.43,-2.79
-92.43,-15.27,-2.13
-93.57,-16.73,-2.91
-94.76,-18.26,-3.73
-94.26,-17.08,-3.05
-95.47,-18.62,-3.87
-94.95,-17.42,-3.18
-94.52,-16.35,-2.56
-94.42,-15.83,-2.25
-95.63,-17.40,-3.10
-95.50,-16.81,-2.74
-96.70,-18.34,-3.57
-96.48,-17.62,-3.14
-96.00,-16.45,-2.47
-95.66,-15.56,-1.96
-95.64,-15.17,-1.73
-95.39,-14.44,-1.31
-95.31,-13.99,-1.05
-95.59,-14.10,-1.10
-95.55,-13.72,-0.89
-95.69,-13.61,-0.81
-95.64,-13.21,-0.59
-95.62,-12.89,-0.41
-95.78,-12.81,-0.36
-95.71,-12.40,-0.13
-95.81,-12.24,-0.04
-95.83,-11.99,0.10
-96.08,-12.08,0.04
-96.31,-12.14,0.01
-96.61,-12.33,-0.09
-96.66,-12.10,0.04
-96.92,-12.22,-0.03
-97.10,-12.22,-0.03
-97.28,-12.19,-0.01
-97.47,-12.21,-0.02
-97.83,-12.48,-0.18
-98.09,-12.58,-0.23
-98.44,-12.83,-0.36
-98.68,-12.89,-0.39
-98.84,-12.85,-0.37
-99.09,-12.95,-0.42
-99.49,-13.26,-0.59
-99.66,-13.22,-0.56
-99.96,-13.37,-0.64
-100.45,-13.84,-0.89
-101.01,-14.40,-1.19
-101.27,-14.47,-1.22
-101.59,-14.65,-1.31
-102.03,-15.00,-1.49
-102.23,-14.98,-1.47
-102.33,-14.81,-1.36
-102.71,-15.05,-1.48
-103.05,-15.25,-1.58
-103.34,-15.38,-1.64
-103.82,-15.79,-1.85
-103.88,-15.54,-1.70
-104.16,-15.61,-1.72
-104.53,-15.85,-1.84
-104.79,-15.92,-1.87
-105.11,-16.04,-1.92
-105.40,-16.15,-1.96
-105.75,-16.34,-2.04
-105.92,-16.25,-1.98
-106.08,-16.15,-1.91
-106.28,-16.08,-1.85
-106.55,-16.15,-1.88
-106.66,-15.95,-1.75
-106.96,-16.06,-1.80
-107.14,-16.00,-1.75
-107.45,-16.12,-1.80
-107.51,-15.85,-1.63
-107.77,-15.89,-1.64
-108.12,-16.09,-1.74
-108.43,-16.22,-1.79
-108.70,-16.26,-1.80
-109.13,-16.59,-1.97
-109.38,-16.61,-1.97
-109.40,-16.26,-1.76
-109.48,-16.04,-1.62
-109.69,-15.98,-1.57
-109.69,-15.63,-1.36
-109.73,-15.34,-1.19
-109.62,-14.79,-0.88
-109.76,-14.68,-0.81
-109.79,-14.36,-0.63
-109.87,-14.16,-0.51
-110.03,-14.09,-0.47
-110.21,-14.03,-0.43
-110.39,-13.98,-0.40
-110.47,-13.75,-0.27
-110.84,-14.02,-0.42
-110.85,-13.72,-0.25
-111.01,-13.63,-0.20
-111.29,-13.75,-0.26
-111.59,-13.87,-0.33
-111.95,-14.12,-0.46
-112.02,-13.91,-0.34
-112.18,-13.81,-0.29
-112.56,-14.08,-0.43
-112.90,-14.30,-0.55
-112.91,-13.96,-0.36
-113.14,-14.00,-0.37
-113.52,-14.26,-0.51
-113.79,-14.34,-0.56
-114.09,-14.48,-0.63
-114.53,-14.83,-0.81
-114.64,-14.67,-0.72
-114.94,-14.78,-0.78
-115.03,-14.58,-0.65
-115.61,-15.15,-0.97
-115.83,-15.13,-0.95
-116.27,-15.48,-1.13
-116.52,-15.51,-1.14
-116.80,-15.60,-1.18
-117.08,-15.69,-1.22
-117.29,-15.65,-1.18
-117.60,-15.78,-1.25
-118.03,-16.11,-1.42
-118.36,-16.27,-1.49
-118.75,-16.51,-1.61
-118.93,-16.40,-1.54
-119.15,-16.39,-1.52
-119.53,-16.62,-1.63
-119.94,-16.88,-1.76
-120.16,-16.84,-1.73
-120.22,-16.54,-1.55
-120.38,-16.42,-1.47
-120.64,-16.47,-1.48
-120.95,-16.57,-1.52
-121.27,-16.70,-1.58
-121.60,-16.83,-1.64
-121.80,-16.77,-1.60
-121.95,-16.64,-1.51
-122.09,-16.45,-1.40
-122.30,-16.42,-1.37
-122.13,-15.76,-0.99
-122.25,-15.58,-0.88
-122.53,-15.68,-0.93
-122.68,-15.52,-0.83
-122.96,-15.61,-0.88
-123.05,-15.40,-0.76
-123.38,-15.55,-0.83
-123.65,-15.62,-0.86
-123.92,-15.66,-0.88
-124.11,-15.61,-0.84
-124.26,-15.47,-0.76
-124.31,-15.19,-0.59
-124.41,-14.99,-0.48
-124.80,-15.23,-0.61
-125.07,-15.31,-0.65
-125.33,-15.36,-0.67
-125.62,-15.45,-0.71
-125.91,-15.56,-0.77
-126.05,-15.39,-0.67
-126.19,-15.26,-0.59
-126.36,-15.17,-0.54
-126.69,-15.31,-0.61
-126.85,-15.22,-0.56
-127.03,-15.12,-0.49
-127.18,-15.02,-0.43
-127.44,-15.07,-0.46
-127.72,-15.15,-0.50
-127.91,-15.09,-0.46
-128.06,-14.98,-0.40
-127.95,-14.44,-0.09
-128.01,-14.18,0.05
-128.27,-14.24,0.02
-128.52,-14.30,-0.02
-128.69,-14.23,0.02
-129.08,-14.47,-0.12
-129.04,-14.07,0.11
-129.28,-14.10,0.09
-129.46,-14.05,0.12
-129.65,-14.00,0.14
-129.71,-13.75,0.28
-129.94,-13.78,0.26
-129.99,-13.51,0.41
-130.32,-13.71,0.30
-130.50,-13.66,0.32
-130.60,-13.46,0.43
-130.74,-13.36,0.48
-130.93,-13.33,0.49
-131.09,-13.27,0.52
-131.17,-13.08,0.62
-131.31,-12.96,0.68
-131.51,-12.95,0.68
-131.59,-12.76,0.78
-131.93,-12.97,0.66
-132.33,-13.28,0.48
-132.77,-13.64,0.28
-132.88,-13.48,0.37
-133.15,-13.58,0.30
-133.33,-13.52,0.34
-133.65,-13.69,0.24
-134.20,-14.21,-0.05
-134.25,-13.97,0.09
-134.50,-14.02,0.06
-134.80,-14.14,-0.01
-135.12,-14.31,-0.10
-135.43,-14.44,-0.18
-135.56,-14.32,-0.11
-135.71,-14.21,-0.05
-136.12,-14.50,-0.20
-136.45,-14.69,-0.30
-136.83,-14.94,-0.44
-137.02,-14.87,-0.40
-137.32,-15.00,-0.47
-137.92,-15.57,-0.78
-138.22,-15.68,-0.83
-138.59,-15.92,-0.96
-138.82,-15.89,-0.93
-139.15,-16.05,-1.01
-139.44,-16.12,-1.04
-139.88,-16.45,-1.22
-140.07,-16.37,-1.16
-140.36,-16.44,-1.19
-140.80,-16.76,-1.36
-140.97,-16.62,-1.27
-141.19,-16.59,-1.24
-141.24,-16.30,-1.07
-141.36,-16.10,-0.95
-141.68,-16.24,-1.02
-141.97,-16.30,-1.04
-142.24,-16.35,-1.06
-142.69,-16.69,-1.24
-142.97,-16.74,-1.26
-143.08,-16.53,-1.13
-143.29,-16.48,-1.10
-143.68,-16.70,-1.20
-143.78,-16.48,-1.08
-144.04,-16.50,-1.07
-144.23,-16.41,-1.02
-144.54,-16.54,-1.08
-144.73,-16.43,-1.01
-144.98,-16.46,-1.02
-145.35,-16.64,-1.11
-145.59,-16.65,-1.11
-145.95,-16.84,-1.20
-146.24,-16.88,-1.21
-146.47,-16.86,-1.19
-146.87,-17.10,-1.31
-147.01,-16.92,-1.20
-147.41,-17.18,-1.33
-147.52,-16.93,-1.19
-147.62,-16.71,-1.06
-147.82,-16.64,-1.01
-147.98,-16.52,-0.93
-148.32,-16.66,-1.00
-148.78,-16.98,-1.17
-148.97,-16.89,-1.11
-149.09,-16.70,-1.00
-149.45,-16.86,-1.08
-149.57,-16.67,-0.96
-150.05,-17.01,-1.15
-150.04,-16.62,-0.92
-150.14,-16.39,-0.78
-150.35,-16.32,-0.74
-150.66,-16.44,-0.80
-151.00,-16.57,-0.86
-151.36,-16.76,-0.96
-151.42,-16.48,-0.80
-151.73,-16.57,-0.84
-151.79,-16.28,-0.68
-151.89,-16.04,-0.54
-152.28,-16.28,-0.66
-152.40,-16.09,-0.55
-152.77,-16.29,-0.66
-153.02,-16.30,-0.66
-153.08,-16.02,-0.50
-153.29,-15.95,-0.46
-153.57,-16.03,-0.50
-153.80,-15.99,-0.47
-154.08,-16.05,-0.50
-154.34,-16.10,-0.52
-154.71,-16.28,-0.62
-154.94,-16.27,-0.61
-155.22,-16.30,-0.62
-155.33,-16.11,-0.51
-155.45,-15.92,-0.40
-155.76,-16.02,-0.45
-155.98,-15.99,-0.43
-156.21,-15.96,-0.41
-156.53,-16.09,-0.48
-156.81,-16.17,-0.52
-156.95,-15.98,-0.41
-156.99,-15.67,-0.24
-157.24,-15.67,-0.24
-157.45,-15.64,-0.22
-157.55,-15.43,-0.10
-157.69,-15.26,-0.01
-157.80,-15.08,0.10
-157.97,-14.98,0.15
-158.13,-14.85,0.22
-158.47,-15.03,0.12
-158.74,-15.09,0.09
-158.98,-15.09,0.08
-159.12,-14.96,0.16
-159.54,-15.25,-0.01
-159.80,-15.29,-0.03
-160.01,-15.24,0.00
-160.30,-15.34,-0.06
-160.26,-14.92,0.18
-160.28,-14.57,0.37
-160.29,-14.23,0.55
-160.60,-14.36,0.48
-160.74,-14.23,0.54
-161.09,-14.43,0.43
-161.43,-14.60,0.33
-161.50,-14.36,0.46
-161.82,-14.52,0.37
-161.99,-14.44,0.41
-162.11,-14.28,0.49
-162.34,-14.27,0.50
-162.79,-14.63,0.29
-163.29,-15.07,0.05
-163.49,-15.01,0.08
-163.71,-14.99,0.09
-163.95,-15.00,0.09
-164.05,-14.80,0.19
-164.32,-14.87,0.16
-164.59,-14.92,0.13
-164.76,-14.83,0.17
-165.03,-14.88,0.14
-165.12,-14.67,0.26
-165.12,-14.32,0.45
-165.45,-14.48,0.36
-165.59,-14.34,0.43
-165.73,-14.19,0.51
-165.77,-13.92,0.66
-166.05,-14.02,0.59
-166.11,-13.74,0.74
-166.48,-14.00,0.60
-166.61,-13.86,0.66
-166.70,-13.65,0.78
-166.68,-13.27,0.98
-166.78,-13.07,1.08
-166.86,-12.88,1.18
-167.06,-12.88,1.17
-167.21,-12.76,1.22
-167.43,-12.80,1.19
-167.65,-12.80,1.18
-167.91,-12.88,1.12
-168.23,-13.08,1.01
-168.59,-13.30,0.88
-168.70,-13.14,0.96
-169.04,-13.33,0.85
-169.48,-13.71,0.63
-169.79,-13.86,0.54
-169.96,-13.76,0.59
-169.85,-13.26,0.86
-170.08,-13.26,0.85
-170.24,-13.20,0.88
-170.24,-12.87,1.05
-170.23,-12.52,1.24
-170.57,-12.74,1.11
-170.62,-12.49,1.23
-171.07,-12.87,1.01
-171.56,-13.32,0.76
-171.81,-13.38,0.72
-172.18,-13.63,0.57
-172.26,-13.42,0.68
-172.38,-13.27,0.76
-172.68,-13.42,0.67
-173.01,-13.58,0.58
-173.06,-13.34,0.71
-173.25,-13.31,0.72
-173.55,-13.43,0.65
-173.89,-13.64,0.52
-174.17,-13.74,0.47
-174.44,-13.82,0.42
-174.69,-13.88,0.38
-175.11,-14.20,0.20
-175.23,-14.05,0.28
-175.41,-14.00,0.31
-175.56,-13.89,0.37
-175.73,-13.82,0.40
-176.16,-14.15,0.22
-176.35,-14.11,0.24
-176.54,-14.08,0.25
-176.64,-13.88,0.36
-176.82,-13.82,0.39
-177.10,-13.91,0.33
-177.26,-13.82,0.38
-177.45,-13.79,0.39
-177.60,-13.67,0.46
-177.79,-13.65,0.46
-178.15,-13.87,0.34
-178.35,-13.85,0.35
-178.90,-14.38,0.05
-179.20,-14.49,-0.01
-179.27,-14.26,0.12
-179.69,-14.57,-0.05
-180.00,-14.70,-0.12
-180.25,-14.76,-0.16
-180.57,-14.90,-0.23
-180.74,-14.82,-0.18
-180.92,-14.74,-0.14
-181.01,-14.52,-0.02
-181.02,-14.19,0.16
-181.00,-13.80,0.38
-181.30,-13.94,0.30
-181.51,-13.93,0.30
-181.69,-13.86,0.34
-181.69,-13.52,0.52
-181.82,-13.38,0.59
-182.04,-13.41,0.57
-182.24,-13.39,0.58
-182.61,-13.64,0.44
-182.93,-13.81,0.34
-183.11,-13.74,0.37
-183.29,-13.69,0.40
-183.57,-13.80,0.34
-183.76,-13.75,0.36
-184.10,-13.95,0.24
-184.25,-13.84,0.30
-184.60,-14.05,0.19
-184.61,-13.74,0.35
-184.83,-13.73,0.36
-184.71,-13.21,0.64
-184.70,-12.88,0.82
-184.92,-12.87,0.81
-185.04,-12.76,0.87
-185.13,-12.55,0.98
-185.28,-12.48,1.01
-185.40,-12.37,1.06
-185.72,-12.54,0.96
-185.81,-12.37,1.04
-185.99,-12.32,1.06
-186.24,-12.42,1.00
-186.50,-12.51,0.94
-186.58,-12.30,1.04
-186.81,-12.37,1.00
-187.08,-12.47,0.94
-187.16,-12.29,1.03
-187.46,-12.45,0.93
-187.69,-12.48,0.91
-188.08,-12.79,0.73
-188.15,-12.59,0.83
-188.50,-12.82,0.70
-188.75,-12.91,0.64
-188.86,-12.74,0.73
-189.16,-12.91,0.63
-189.42,-13.00,0.57
-189.55,-12.87,0.64
-189.73,-12.84,0.65
-189.89,-12.76,0.69
-189.98,-12.58,0.78
-190.05,-12.38,0.89
-190.26,-12.39,0.88
-190.47,-12.41,0.86
-190.67,-12.41,0.85
-190.85,-12.38,0.86
-191.09,-12.46,0.81
-191.45,-12.70,0.67
-191.67,-12.73,0.65
-191.99,-12.90,0.55
-192.23,-12.97,0.51
-192.37,-12.88,0.55
-192.37,-12.55,0.73
-192.73,-12.81,0.58
-192.92,-12.80,0.58
-192.99,-12.58,0.70
-193.25,-12.67,0.64
-193.52,-12.77,0.58
-193.82,-12.93,0.49
-194.09,-13.05,0.42
-194.22,-12.91,0.49
-208.10,-34.51,-11.41
-206.97,-32.04,-9.94
-205.29,-28.77,-8.06
-203.77,-25.80,-6.36
-202.77,-23.66,-5.13
-201.91,-21.82,-4.07
-201.01,-19.90,-2.98
-200.26,-18.29,-2.07
-199.76,-17.10,-1.39
-199.10,-15.64,-0.58
-198.53,-14.37,0.12
-198.36,-13.75,0.46
-197.91,-12.69,1.04
-197.56,-11.83,1.51
-197.08,-10.75,2.09
-197.12,-10.53,2.19
-196.83,-9.79,2.59
-196.70,-9.29,2.84
-196.71,-9.05,2.94
-196.62,-8.63,3.15
-196.43,-8.08,3.43
-196.45,-7.86,3.52
-196.39,-7.51,3.68
-196.37,-7.25,3.79
-196.37,-7.01,3.89
-196.39,-6.81,3.97
-196.46,-6.71,4.00
-196.57,-6.63,4.00
-196.60,-6.48,4.05
-196.64,-6.31,4.11
-196.78,-6.33,4.07
-196.77,-6.10,4.16
-196.67,-5.73,4.33
-196.88,-5.84,4.23
-196.78,-5.50,4.38
-196.99,-5.63,4.27
-197.18,-5.73,4.18
-197.11,-5.40,4.33
-197.02,-5.08,4.47
-197.23,-5.22,4.35
-197.37,-5.24,4.31
-197.36,-5.03,4.38
-197.43,-4.95,4.39
-197.51,-4.90,4.38
-197.62,-4.89,4.35
-197.80,-4.99,4.26
-197.98,-5.09,4.17
-197.88,-4.73,4.33
-197.86,-4.52,4.41
-197.84,-4.31,4.49
-197.93,-4.28,4.47
-197.91,-4.07,4.54
-198.09,-4.19,4.44
-198.04,-3.94,4.54
-197.90,-3.57,4.71
-197.91,-3.41,4.75
-197.89,-3.24,4.81
-198.02,-3.30,4.74
-198.04,-3.17,4.76
-198.14,-3.17,4.72
-198.10,-2.96,4.80
-198.10,-2.81,4.84
-198.09,-2.67,4.88
-198.11,-2.55,4.90
-198.06,-2.34,4.97
-198.11,-2.29,4.96
-198.23,-2.33,4.89
-198.15,-2.08,4.99
-198.16,-1.97,5.01
-198.18,-1.88,5.02
-198.18,-1.75,5.04
-198.40,-1.98,4.88
-198.60,-2.18,4.72
-198.59,-2.03,4.77
-198.66,-2.03,4.73
-198.84,-2.18,4.60
-199.01,-2.33,4.48
-199.19,-2.50,4.35
-199.17,-2.33,4.41
-199.04,-2.01,4.55
-198.98,-1.80,4.63
-198.92,-1.58,4.70
-198.76,-1.23,4.86
-198.70,-1.03,4.93
-198.79,-1.06,4.87
-198.74,-0.90,4.92
-198.89,-1.03,4.80
-198.86,-0.89,4.84
-198.83,-0.73,4.88
-198.89,-0.74,4.84
-198.98,-0.80,4.77
-199.13,-0.93,4.65
-199.15,-0.87,4.65
-199.09,-0.69,4.71
-199.12,-0.65,4.69
-198.97,-0.33,4.83
-199.12,-0.48,4.70
-199.17,-0.47,4.67
-199.04,-0.19,4.78
-199.22,-0.40,4.63
-199.29,-0.43,4.58
-199.48,-0.65,4.41
-199.23,-0.17,4.64
-199.26,-0.15,4.61
-199.24,-0.05,4.63
-199.42,-0.25,4.48
-198.14,3.57,5.41
-197.33,5.03,6.12
-197.04,5.49,6.31
-196.64,6.08,6.57
-196.30,6.54,6.76
-196.28,6.53,6.70
-196.10,6.74,6.76
-195.79,7.09,6.90
-195.52,7.37,7.00
-195.31,7.58,7.06
-195.10,7.79,7.12
-195.11,7.77,7.04
-194.88,7.98,7.11
-194.77,8.08,7.10
-194.57,8.26,7.15
-194.31,8.49,7.23
-194.22,8.56,7.20
-194.07,8.70,7.21
-193.86,8.87,7.25
-193.94,8.78,7.12
-193.92,8.78,7.06
-193.92,8.75,6.96
-193.85,8.79,6.92
-193.99,8.63,6.75
-193.86,8.73,6.75
-193.68,8.88,6.78
-193.59,8.93,6.74
-193.41,9.08,6.78
-193.17,9.29,6.84
-193.29,9.12,6.67
-193.36,8.98,6.53
-193.30,9.00,6.47
-193.32,8.92,6.37
-193.09,9.12,6.43
-193.04,9.11,6.36
-193.05,9.04,6.26
-192.89,9.16,6.28
-192.88,9.10,6.19
-193.03,8.85,5.98
-192.89,8.95,5.98
-192.90,8.85,5.88
-193.02,8.63,5.69
-193.10,8.45,5.54
-193.19,8.26,5.38
-193.12,8.27,5.34
-193.23,8.06,5.17
-193.33,7.84,5.00
-193.29,7.81,4.94
-193.18,7.87,4.93
-193.31,7.62,4.75
-193.12,7.79,4.80
-193.06,7.77,4.75
-193.27,7.42,4.51
-193.43,7.12,4.30
-193.50,6.94,4.16
-193.52,6.83,4.07
-193.54,6.72,3.98
-193.61,6.55,3.85
-193.49,6.63,3.86
-193.46,6.58,3.80
-193.58,6.35,3.64
-193.58,6.26,3.56
-193.59,6.17,3.48
-193.70,5.94,3.33
-193.68,5.88,3.27
-193.77,5.68,3.13
-193.78,5.59,3.05
-193.85,5.41,2.93
-193.71,5.53,2.98
-193.66,5.53,2.95
-193.91,5.09,2.69
-193.83,5.13,2.69
-193.81,5.08,2.64
-193.90,4.88,2.51
-193.87,4.85,2.47
-193.72,5.01,2.53
-193.55,5.18,2.60
-193.32,5.44,2.72
-193.45,5.17,2.56
-193.49,5.03,2.46
-193.34,5.17,2.52
-193.36,5.07,2.44
-193.25,5.16,2.47
-193.10,5.30,2.52
-193.06,5.28,2.49
-193.04,5.22,2.44
-193.22,4.87,2.23
-193.31,4.66,2.10
-193.38,4.48,1.99
-193.67,3.97,1.71
-193.98,3.44,1.41
-193.78,3.68,1.52
-193.81,3.58,1.46
-193.78,3.55,1.43
-193.82,3.44,1.36
-193.92,3.23,1.24
-193.86,3.26,1.24
-193.95,3.06,1.12
-193.99,2.96,1.06
-194.09,2.76,0.95
-193.96,2.89,1.01
-194.10,2.63,0.86
-194.07,2.64,0.86
-193.94,2.78,0.93
-193.92,2.77,0.91
-193.87,2.78,0.91
-193.74,2.93,0.99
-193.67,2.98,1.01
-193.61,3.02,1.02
-193.64,2.92,0.96
-193.73,2.73,0.85
-193.80,2.57,0.75
-193.75,2.59,0.76
-193.95,2.25,0.57
-194.04,2.06,0.47
-193.99,2.09,0.48
-193.87,2.24,0.56
-193.85,2.22,0.54
-193.98,1.97,0.40
-193.96,1.97,0.40
-194.04,1.80,0.31
-194.02,1.80,0.30
-194.13,1.60,0.19
-194.12,1.58,0.18
-194.06,1.64,0.21
-193.90,1.84,0.32
-194.02,1.62,0.20
-194.04,1.56,0.16
-194.01,1.57,0.17
-194.06,1.46,0.11
-194.32,1.03,-0.12
-194.38,0.90,-0.19
-194.33,0.96,-0.16
-194.27,1.02,-0.12
-194.35,0.87,-0.20
-194.33,0.88,-0.20
-194.46,0.65,-0.32
-194.47,0.62,-0.33
-194.54,0.49,-0.40
-194.55,0.46,-0.41
-194.54,0.46,-0.41
-194.58,0.37,-0.45
-194.73,0.13,-0.58
-194.67,0.20,-0.53
-194.66,0.21,-0.52
-194.76,0.04,-0.61
-194.63,0.24,-0.50
-194.64,0.20,-0.52
-194.54,0.35,-0.43
-194.60,0.23,-0.49
-194.57,0.27,-0.47
-194.73,0.01,-0.60
-194.72,0.02,-0.59
-194.84,-0.17,-0.69
-194.93,-0.32,-0.77
-194.87,-0.23,-0.71
-194.84,-0.19,-0.68
-194.73,-0.02,-0.59
-194.73,-0.04,-0.59
-194.71,-0.01,-0.57
-194.74,-0.06,-0.59
-194.59,0.16,-0.47
-194.76,-0.12,-0.62
-194.66,0.02,-0.53
-194.65,0.04,-0.52
-194.76,-0.14,-0.61
-194.79,-0.19,-0.64
-194.81,-0.23,-0.65
-194.68,-0.03,-0.54
-194.88,-0.35,-0.71
-195.03,-0.58,-0.83
-195.10,-0.69,-0.88
-195.12,-0.72,-0.89
-195.03,-0.59,-0.81
-195.20,-0.84,-0.94
-195.08,-0.65,-0.83
-195.11,-0.70,-0.85
-195.14,-0.73,-0.86
-195.18,-0.80,-0.89
-195.11,-0.68,-0.82
-195.22,-0.85,-0.90
-195.24,-0.87,-0.91
-195.28,-0.93,-0.93
-195.26,-0.88,-0.90
-195.30,-0.94,-0.92
-195.13,-0.67,-0.77
-195.22,-0.80,-0.83
-195.16,-0.71,-0.78
-195.12,-0.64,-0.73
-195.08,-0.58,-0.69
-195.05,-0.52,-0.65
-195.08,-0.57,-0.68
-195.06,-0.53,-0.65
-195.12,-0.63,-0.69
-195.13,-0.64,-0.69
-195.30,-0.90,-0.83
-195.12,-0.60,-0.66
-195.10,-0.57,-0.64
-195.31,-0.89,-0.81
-195.45,-1.10,-0.92
-195.35,-0.93,-0.81
-195.25,-0.76,-0.72
-195.31,-0.86,-0.76
-195.64,-1.36,-1.03
-195.53,-1.17,-0.92
-195.47,-1.07,-0.85
-195.39,-0.92,-0.77
-195.43,-0.98,-0.79
-195.42,-0.96,-0.77
-195.52,-1.10,-0.84
-195.48,-1.02,-0.79
-195.46,-0.97,-0.76
-195.47,-0.98,-0.76
-195.58,-1.14,-0.84
-195.54,-1.06,-0.79
-195.67,-1.26,-0.89
-195.79,-1.43,-0.98
-195.66,-1.21,-0.85
-195.50,-0.94,-0.69
-195.55,-1.01,-0.73
-195.52,-0.94,-0.68
-195.34,-0.64,-0.51
-195.38,-0.70,-0.54
-195.55,-0.95,-0.67
-195.43,-0.75,-0.56
-195.41,-0.72,-0.54
-195.46,-0.79,-0.57
-195.59,-0.98,-0.67
-195.72,-1.18,-0.77
-195.71,-1.14,-0.75
-195.64,-1.01,-0.67
-195.66,-1.04,-0.68
-195.53,-0.81,-0.55
-195.58,-0.88,-0.58
-195.70,-1.05,-0.67
-195.58,-0.85,-0.56
-195.53,-0.76,-0.50
-195.56,-0.80,-0.52
-195.68,-0.97,-0.61
-195.68,-0.96,-0.60
-195.83,-1.18,-0.71
-195.86,-1.21,-0.72
-195.73,-0.99,-0.60
-195.77,-1.04,-0.62
-195.72,-0.94,-0.56
-195.70,-0.89,-0.52
-195.86,-1.14,-0.66
-195.89,-1.16,-0.66
-195.81,-1.02,-0.58
-195.79,-0.98,-0.55
-195.83,-1.02,-0.57
-195.88,-1.09,-0.61
-195.92,-1.14,-0.63
-195.92,-1.11,-0.61
-196.00,-1.22,-0.66
-195.98,-1.18,-0.63
-196.12,-1.37,-0.73
-196.06,-1.26,-0.66
-196.19,-1.45,-0.76
-196.09,-1.26,-0.65
-196.10,-1.25,-0.64
-196.19,-1.37,-0.70
-196.26,-1.46,-0.75
-196.20,-1.35,-0.68
-196.26,-1.41,-0.71
-196.19,-1.29,-0.64
-196.03,-1.01,-0.48
-196.18,-1.23,-0.59
-196.09,-1.07,-0.50
-196.20,-1.22,-0.58
-196.24,-1.26,-0.59
-196.46,-1.59,-0.77
-196.52,-1.66,-0.81
-196.42,-1.47,-0.69
-196.37,-1.36,-0.63
-196.37,-1.35,-0.62
-196.65,-1.77,-0.84
-196.56,-1.59,-0.73
-196.52,-1.50,-0.68
-196.74,-1.82,-0.85
-196.72,-1.75,-0.80
-196.60,-1.53,-0.68
-196.57,-1.47,-0.64
-196.68,-1.60,-0.71
-196.56,-1.39,-0.58
-196.53,-1.32,-0.54
-196.58,-1.38,-0.57
-196.57,-1.33,-0.54
-196.76,-1.61,-0.68
-196.76,-1.58,-0.66
-196.80,-1.61,-0.67
-196.90,-1.74,-0.74
-196.87,-1.66,-0.69
-196.85,-1.60,-0.65
-196.67,-1.29,-0.47
-196.83,-1.52,-0.59
-196.89,-1.59,-0.63
-196.76,-1.35,-0.49
-196.67,-1.18,-0.39
-196.70,-1.20,-0.40
-196.67,-1.14,-0.37
-196.72,-1.20,-0.40
-196.75,-1.21,-0.40
-196.81,-1.28,-0.43
-196.69,-1.07,-0.31
-196.74,-1.14,-0.35
-196.90,-1.36,-0.47
-196.78,-1.15,-0.35
-196.51,-0.70,-0.10
-196.66,-0.92,-0.22
-196.89,-1.27,-0.41
-196.80,-1.09,-0.31
-196.77,-1.03,-0.27
-196.82,-1.08,-0.30
-196.87,-1.15,-0.33
-196.67,-0.80,-0.14
-196.77,-0.94,-0.21
-196.75,-0.90,-0.19
-196.78,-0.92,-0.20
-196.86,-1.03,-0.26
-196.87,-1.02,-0.25
-196.95,-1.14,-0.31
-197.07,-1.30,-0.40
-197.00,-1.17,-0.32
-197.20,-1.45,-0.47
-197.25,-1.51,-0.50
-197.13,-1.29,-0.38
-197.12,-1.24,-0.35
-197.05,-1.11,-0.27
-196.98,-0.98,-0.20
-196.87,-0.77,-0.08
-196.84,-0.71,-0.05
-196.94,-0.85,-0.12
-196.91,-0.79,-0.09
-197.07,-1.03,-0.22
-196.91,-0.76,-0.07
-196.93,-0.76,-0.07
-196.97,-0.81,-0.10
-197.10,-0.85,-0.11
-197.11,-0.59,0.04
-196.92,-0.02,0.34
-197.32,-0.69,-0.05
-197.73,-1.19,-0.33
-198.09,-1.51,-0.48
-198.28,-1.53,-0.45
-197.99,-0.84,-0.00
-197.92,-0.57,0.16
-198.08,-0.65,0.10
-198.45,-1.00,-0.12
-198.52,-0.92,-0.06
-198.09,-0.18,0.37
-198.01,0.02,0.44
-197.96,0.14,0.47
-198.28,-0.23,0.25
-198.41,-0.30,0.19
-198.74,-0.63,0.01
-198.71,-0.48,0.08
-199.10,-0.83,-0.09
-198.85,-0.42,0.11
-199.05,-0.55,0.04
-198.97,-0.37,0.12
-199.22,-0.56,0.03
-199.43,-0.70,-0.03
-199.71,-0.90,-0.12
-199.61,-0.66,-0.01
-199.95,-0.92,-0.12
-199.63,-0.45,0.09
-199.83,-0.58,0.03
-199.74,-0.39,0.11
-199.46,-0.02,0.26
-199.26,0.23,0.35
-199.57,-0.08,0.19
-199.90,-0.39,0.05
-199.95,-0.37,0.05
-199.92,-0.28,0.09
-199.59,0.13,0.26
-199.45,0.29,0.31
-199.73,-0.01,0.16
-199.82,-0.08,0.12
-199.64,0.14,0.21
-200.14,-0.38,-0.03
-200.19,-0.37,-0.02
-200.07,-0.19,0.06
-200.25,-0.34,-0.01
-200.31,-0.35,-0.02
-200.72,-0.73,-0.17
-201.12,-1.05,-0.30
-201.35,-1.17,-0.33
-201.19,-0.86,-0.18
-201.36,-0.93,-0.20
-201.43,-0.88,-0.17
-201.89,-1.25,-0.31
-201.75,-0.95,-0.16
-201.91,-1.00,-0.17
-201.92,-0.87,-0.11
-202.33,-1.17,-0.23
-202.49,-1.19,-0.22
-202.60,-1.14,-0.19
-202.38,-0.77,-0.02
-202.58,-0.86,-0.06
-202.45,-0.60,0.06
-200.08,1.98,1.15
-198.10,3.88,1.89
-199.12,2.47,1.17
-199.92,1.42,0.65
-197.69,3.61,1.54
-195.98,5.04,2.05
-195.21,5.34,2.04
-194.52,5.50,1.98
-194.35,5.09,1.68
-194.51,4.36,1.26
-194.11,4.27,1.14
-194.36,3.50,0.74
-194.48,2.94,0.45
-194.62,2.38,0.19
-194.84,1.81,-0.07
-194.86,1.50,-0.19
-194.94,1.16,-0.33
-195.10,0.76,-0.47
-195.12,0.55,-0.53
-195.21,0.30,-0.61
-195.62,-0.26,-0.81
-195.71,-0.42,-0.82
-193.28,2.06,0.29
-194.17,0.85,-0.25
-191.92,3.03,0.70
-189.90,4.75,1.38
-189.06,5.08,1.44
-188.35,5.22,1.40
-187.86,5.11,1.27
-187.37,4.99,1.13
-187.41,4.33,0.78
-187.47,3.70,0.46
-187.60,3.04,0.15
-187.57,2.62,-0.04
-187.69,2.08,-0.26
-187.66,1.75,-0.39
-188.17,0.89,-0.73
-188.72,0.08,-1.03
-189.00,-0.36,-1.15
-189.17,-0.65,-1.20
-189.58,-1.14,-1.33
-189.60,-1.17,-1.26
-189.88,-1.45,-1.30
-189.85,-1.37,-1.18
-189.91,-1.38,-1.11
-190.17,-1.59,-1.13
-190.26,-1.59,-1.06
-190.15,-1.37,-0.89
-190.39,-1.54,-0.91
-190.41,-1.44,-0.81
-190.72,-1.64,-0.84
-190.71,-1.49,-0.73
-191.02,-1.68,-0.76
-191.08,-1.59,-0.67
-191.14,-1.50,-0.59
-191.31,-1.52,-0.56
-191.52,-1.58,-0.55
-191.42,-1.31,-0.40
-191.64,-1.39,-0.41
-191.96,-1.55,-0.45
-192.27,-1.70,-0.48
-192.53,-1.77,-0.49
-192.61,-1.65,-0.40
-192.51,-1.34,-0.24
-192.39,-1.04,-0.10
-192.58,-1.09,-0.12
-192.15,-0.48,0.15
-192.20,-0.44,0.16
-192.31,-0.46,0.14
-192.50,-0.57,0.09
-192.81,-0.80,-0.02
-193.03,-0.89,-0.06
-192.89,-0.62,0.06
-192.87,-0.50,0.11
-193.23,-0.77,-0.01
-192.94,-0.36,0.16
-192.98,-0.32,0.17
-193.06,-0.32,0.16
-193.00,-0.19,0.20
-193.30,-0.45,0.08
-193.12,-0.18,0.19
-193.67,-0.69,-0.04
-193.64,-0.56,0.02
-193.86,-0.70,-0.04
-193.69,-0.42,0.08
-193.88,-0.54,0.02
-193.72,-0.28,0.13
-193.89,-0.41,0.07
-193.99,-0.43,0.06
-194.09,-0.46,0.04
-194.32,-0.62,-0.03
-194.78,-1.01,-0.19
-194.81,-0.91,-0.14
-194.60,-0.57,0.01
-194.66,-0.54,0.03
-194.87,-0.67,-0.03
-194.81,-0.51,0.04
-194.87,-0.49,0.05
-195.18,-0.73,-0.06
-195.48,-0.94,-0.14
-195.43,-0.75,-0.06
-195.57,-0.79,-0.07
-195.51,-0.62,0.01
-195.71,-0.72,-0.04
-195.83,-0.74,-0.04
-195.88,-0.68,-0.01
-195.90,-0.60,0.02
-196.34,-0.96,-0.13
-196.30,-0.79,-0.05
-196.38,-0.76,-0.03
-196.29,-0.55,0.06
-196.59,-0.76,-0.04
-196.50,-0.55,0.05
-196.72,-0.69,-0.01
-196.78,-0.64,0.01
-196.99,-0.76,-0.04
-197.06,-0.72,-0.02
-197.08,-0.63,0.02
-197.34,-0.81,-0.06
-197.32,-0.66,0.01
-197.33,-0.56,0.05
-197.31,-0.45,0.10
-197.47,-0.53,0.06
-197.52,-0.50,0.06
-197.45,-0.33,0.13
-197.43,-0.25,0.16
-197.63,-0.39,0.09
-197.83,-0.52,0.03
-197.60,-0.20,0.16
-197.66,-0.21,0.15
-197.77,-0.27,0.11
-198.25,-0.72,-0.08
-198.40,-0.76,-0.10
-198.63,-0.90,-0.15
-198.80,-0.96,-0.17
-198.98,-1.02,-0.18
-199.09,-1.00,-0.16
-199.15,-0.93,-0.12
-199.10,-0.75,-0.04
-199.46,-1.01,-0.15
-199.74,-1.16,-0.20
-199.80,-1.07,-0.15
-200.06,-1.20,-0.19
-199.57,-0.53,0.10
-199.67,-0.54,0.09
