0.00
-39.94
-89.46
-128.76
-155.57
-172.50
-182.68
-189.09
-193.42
-195.71
-196.77
-197.25
-198.47
-198.87
-198.92
-199.42
-199.08
-199.03
-199.23
-199.54
-199.33
-199.42
-199.45
-199.22
-199.48
-199.64
-199.54
-199.21
-199.53
-199.44
-199.20
-199.35
-199.33
-199.78
-199.73
-199.90
-200.09
-200.02
-199.88
-199.62
-199.85
-199.46
-199.90
-199.93
-199.48
-199.76
-199.85
-200.04
-199.96
-199.73
-199.90
-199.84
-199.61
-199.87
-199.78
-200.30
-200.04
-200.17
-200.04
-200.12
-200.30
-200.58
-200.01
-200.42
-200.03
-200.00
-199.89
-199.96
-199.48
-199.53
-200.03
-199.70
-199.92
-199.69
-199.72
-200.02
-200.17
-200.00
-199.91
-200.29
-200.10
-200.31
-200.16
-200.21
-200.16
-199.65
-200.00
-199.70
-199.58
-199.90
-200.34
-200.47
-199.79
-200.08
-200.43
-200.59
-199.90
-199.73
-200.08
-200.23
-200.54
-200.57
-200.66
-200.90
-200.63
-200.91
-200.75
-200.48
-200.52
-200.58
-200.46
-200.75
-200.85
-200.78
-200.85
-201.05
-200.90
-200.46
-200.43
-197.70
-198.87
-199.71
-200.13
-197.73
-198.81
-199.74
-200.07
-199.94
-200.21
-200.81
-200.94
-200.97
-200.78
-200.59
-197.51
-196.08
-197.91
-198.95
-196.76
-198.10
-199.36
-199.60
-200.29
-200.23
-197.58
-195.60
-194.72
-197.50
-196.03
-194.66
-194.18
-196.63
-195.01
-194.33
-193.62
-193.48
-193.34
-193.16
-192.96
-192.96
-193.06
-193.14
-192.64
-195.97
-194.79
-193.84
-193.23
-193.36
-193.35
-192.94
-192.68
-193.21
-192.91
-192.96
-193.21
-193.45
-193.59
-193.65
-193.02
-192.73
-192.90
-193.21
-192.94
-193.01
-193.04
-193.26
-192.99
-192.77
-193.25
-193.07
-193.00
-193.29
-192.95
-190.65
-187.87
-182.08
-169.84
-157.06
-149.27
-143.49
-139.52
-142.01
-142.62
-142.12
-141.03
-136.02
-132.23
-128.45
-125.49
-122.36
-119.68
-116.11
-113.17
-110.48
-106.96
-103.58
-99.99
-96.34
-93.01
-89.18
-84.91
-81.02
-77.63
-73.40
-69.93
-65.64
-61.19
-56.79
-52.38
-47.91
-43.15
-38.55
-34.01
-28.56
-23.54
-18.02
-12.17
-7.01
-1.80
4.10
10.13
16.43
23.49
30.40
37.13
42.17
46.58
52.01
66.21
77.49
82.80
85.59
87.94
90.62
93.07
94.84
97.06
99.05
100.04
101.61
103.76
106.49
109.80
114.08
119.10
125.33
132.16
139.16
146.47
152.11
156.75
159.79
161.82
162.17
162.14
162.31
162.70
163.31
164.95
166.95
171.96
186.33
221.44
348.06
467.13
440.87
353.01
344.82
580.57
831.06
937.29
951.82
947.32
1007.85
1066.85
1091.17
1074.25
1044.80
1006.73
975.82
945.40
921.79
896.65
869.52
830.85
798.11
774.95
752.84
736.39
710.80
685.99
660.46
634.93
619.33
618.41
633.94
638.30
630.46
618.06
609.47
601.53
591.62
579.13
579.27
578.96
575.73
572.99
570.79
564.53
559.32
550.63
537.54
527.44
524.54
523.91
528.12
534.09
537.05
532.76
525.75
517.35
513.15
512.48
513.09
513.01
514.77
514.13
511.91
503.98
499.57
499.40
498.60
497.85
493.94
484.42
476.89
472.73
473.38
476.44
480.14
482.30
482.04
480.85
481.08
483.68
484.53
482.45
481.28
480.31
480.20
480.40
478.15
476.86
475.01
472.81
472.51
472.13
473.75
473.19
470.74
466.56
462.08
458.52
455.69
454.83
454.02
453.99
454.46
455.40
456.78
458.61
460.34
462.08
463.34
463.02
461.77
459.96
460.38
460.33
459.55
457.86
456.22
454.05
453.37
453.12
453.05
453.77
455.17
456.35
457.69
458.66
459.92
459.82
458.73
456.74
454.85
453.08
451.58
451.42
452.09
452.14
453.64
454.31
453.77
453.69
453.75
453.81
454.16
455.37
456.94
458.07
459.20
459.46
460.20
459.84
459.20
458.22
457.72
456.43
455.90
456.06
455.87
455.58
455.73
456.01
456.09
456.16
456.42
456.78
457.14
457.25
457.57
458.17
459.21
459.87
460.63
461.04
461.79
462.04
461.25
460.41
459.32
458.65
458.24
458.22
458.05
458.05
458.33
458.09
458.31
458.33
458.20
457.66
457.99
458.23
458.26
457.97
457.65
457.66
458.06
458.71
459.21
460.19
460.53
460.88
460.90
460.89
460.26
459.45
458.91
458.35
458.20
457.67
457.57
458.01
458.16
458.66
459.09
459.17
459.55
460.48
460.78
460.99
460.23
459.36
459.79
459.40
457.83
456.79
456.46
456.40
456.17
455.33
455.35
455.52
456.55
457.83
459.31
460.00
460.86
460.77
461.12
460.80
460.09
459.35
457.77
456.38
455.81
455.12
454.64
454.05
453.84
453.51
453.14
453.30
454.17
454.41
455.26
455.74
456.57
456.85
456.55
456.60
456.61
457.00
456.40
455.96
455.49
454.09
453.36
452.66
452.28
450.92
450.74
450.16
449.96
450.40
449.83
449.96
449.70
450.11
450.86
451.64
453.06
454.02
454.58
455.06
455.88
456.59
456.76
456.80
457.01
456.61
455.36
453.31
451.51
450.62
449.85
449.10
448.30
448.01
446.71
446.58
445.48
444.43
443.97
442.21
441.16
444.09
443.13
445.72
446.94
447.88
447.95
448.58
448.78
449.34
450.41
451.00
451.68
452.17
451.48
451.76
451.12
450.91
451.87
452.30
452.72
452.02
451.74
450.84
449.85
448.80
447.85
446.93
446.20
445.50
444.87
444.62
444.63
444.29
444.86
444.95
444.83
445.16
445.62
445.02
445.68
444.31
445.21
445.44
445.46
445.91
446.16
445.56
445.53
445.99
445.99
445.43
445.13
444.79
443.40
442.69
442.50
441.92
441.36
440.41
439.09
438.61
436.85
436.30
434.63
433.86
432.82
432.13
431.79
431.27
431.53
431.62
430.92
430.75
430.32
429.99
429.15
429.25
428.37
427.22
426.99
425.98
426.31
426.12
425.66
425.28
424.73
425.18
425.16
425.35
425.71
426.24
427.22
408.76
331.24
367.21
390.69
405.67
415.07
420.60
424.21
426.12
427.15
427.74
426.82
424.85
424.28
424.07
423.41
422.79
421.50
420.70
420.01
419.06
419.04
419.50
418.71
418.82
418.97
418.94
418.05
417.53
417.06
416.34
415.42
414.64
413.95
414.11
414.17
414.43
414.68
413.86
413.12
412.75
412.29
411.13
410.82
411.09
411.31
410.34
409.50
409.18
408.34
407.27
406.72
405.75
404.41
404.30
403.80
404.22
404.24
403.46
402.90
402.09
401.23
400.46
399.93
399.23
398.96
398.51
398.25
398.02
397.50
397.73
397.46
397.06
396.44
396.32
396.84
395.93
395.91
395.67
395.74
395.03
394.66
394.01
393.84
393.43
393.50
393.18
392.89
392.24
391.90
390.82
390.37
390.58
390.18
389.63
389.42
389.20
388.52
387.80
387.60
387.38
387.89
387.36
386.73
386.35
385.75
385.49
385.44
386.04
385.87
386.04
386.56
386.66
386.90
386.83
386.51
386.36
385.83
385.39
385.02
385.00
384.80
384.52
384.58
383.71
383.81
383.57
382.94
383.20
382.89
383.03
383.03
382.53
382.43
381.87
381.64
380.97
381.00
380.65
380.23
379.77
379.91
379.81
379.80
379.31
378.94
378.77
378.51
378.57
378.38
378.55
378.00
377.77
377.20
376.94
377.13
376.74
376.24
376.17
375.85
375.50
374.84
374.82
374.80
374.37
373.95
373.82
374.26
373.79
373.52
373.27
372.62
372.90
372.27
372.18
372.05
371.40
371.54
370.72
370.62
370.87
371.54
371.58
371.11
370.73
370.68
369.89
369.51
369.24
368.90
368.08
368.36
368.06
368.06
367.76
367.97
367.53
367.43
367.41
366.57
366.66
366.20
366.47
366.87
366.64
366.67
366.74
366.42
366.30
366.68
365.80
366.01
360.67
357.25
355.29
354.16
353.53
352.92
352.92
353.05
352.96
352.91
352.45
352.51
352.61
352.81
352.30
352.12
352.52
351.73
351.69
351.55
351.34
351.27
351.13
351.09
350.43
350.42
350.03
350.35
349.92
350.05
349.83
349.18
348.44
348.11
347.77
347.66
347.17
347.49
347.05
347.02
346.63
346.17
346.54
346.66
346.37
346.38
345.85
345.87
345.61
345.07
345.03
345.08
344.99
345.22
344.60
343.88
343.81
344.19
343.95
343.23
343.26
342.81
342.81
343.00
342.78
341.45
341.42
341.27
340.94
340.51
340.52
340.05
339.91
339.38
339.12
339.19
338.85
338.71
338.41
337.87
337.66
337.09
336.82
337.08
336.32
335.77
336.12
335.84
335.81
335.50
335.06
335.16
334.79
334.76
334.52
334.52
334.12
334.25
333.88
334.26
333.58
333.43
333.59
333.43
333.27
333.29
333.40
332.86
333.20
333.10
332.59
332.45
331.93
331.89
331.51
330.91
330.81
330.62
330.69
330.19
329.81
329.86
329.76
329.32
329.24
329.13
328.57
328.31
328.40
328.23
327.72
327.88
327.91
327.25
327.00
327.04
326.04
325.63
325.07
324.64
324.64
324.13
323.67
323.40
323.12
323.00
322.63
321.82
321.65
321.78
321.54
321.17
320.95
320.67
320.30
320.00
319.53
319.75
319.57
319.54
319.29
318.96
318.57
318.33
318.35
317.69
317.73
317.99
317.38
317.39
316.76
316.36
316.59
317.06
316.78
316.21
316.29
315.91
315.85
315.78
315.92
315.65
315.35
315.60
315.26
314.30
314.20
313.30
312.99
312.47
312.33
312.52
312.50
312.04
311.78
311.67
311.87
311.78
311.42
311.20
311.20
310.56
310.23
310.11
309.70
309.60
309.25
308.76
307.93
308.18
307.81
307.40
307.48
307.46
307.51
307.44
307.16
306.67
306.49
305.54
305.53
305.37
305.03
304.32
304.37
304.17
304.07
303.64
304.11
303.89
303.74
303.32
303.12
303.11
302.93
302.50
302.85
303.11
302.78
302.02
302.03
301.54
301.00
300.36
300.08
300.41
299.82
299.39
299.34
299.06
298.71
298.12
297.80
297.78
297.82
297.83
297.28
296.92
296.83
296.71
296.47
295.68
295.86
296.30
295.83
295.00
294.95
294.90
294.20
294.21
293.64
293.62
293.42
293.50
293.46
293.34
293.10
292.78
291.94
291.90
291.57
291.36
291.06
291.41
291.18
290.77
290.84
290.84
290.47
289.80
289.80
289.48
289.52
289.56
289.59
289.17
288.91
288.33
288.26
288.24
287.65
287.24
287.29
287.11
287.37
286.77
286.59
287.04
286.38
286.14
285.92
285.77
285.32
284.97
284.96
284.90
284.73
284.65
284.48
284.69
284.74
284.05
283.68
283.39
283.14
283.34
283.21
283.12
283.06
282.77
282.97
282.90
282.68
282.02
282.21
282.22
281.64
281.55
281.58
281.63
280.65
280.81
280.40
279.90
279.49
279.90
279.85
279.54
279.27
279.00
278.60
278.57
278.05
278.43
278.13
277.46
277.54
277.53
277.47
276.84
276.10
276.37
276.03
275.78
275.67
275.40
274.74
274.27
274.17
274.24
274.26
274.38
273.94
273.96
273.52
273.40
273.41
273.21
272.69
272.71
272.76
272.45
272.85
272.76
272.14
272.02
271.58
271.28
271.60
271.23
271.37
271.37
270.65
270.93
271.23
270.87
270.38
270.28
269.61
269.76
269.46
268.95
268.80
268.53
268.33
267.73
267.50
267.45
267.11
266.59
266.14
266.26
265.95
265.51
264.73
264.53
263.95
263.43
263.27
263.29
262.79
262.35
262.47
262.23
261.61
260.95
260.83
260.79
260.58
260.26
260.56
260.00
259.73
259.68
259.93
259.60
259.37
258.83
258.50
258.61
258.46
258.43
258.11
258.44
258.43
258.18
257.71
257.89
257.48
256.53
256.44
256.63
255.87
255.27
255.26
254.69
254.37
254.07
254.25
253.85
253.96
253.45
252.58
252.47
252.10
252.16
251.80
251.82
251.65
250.73
250.90
250.58
250.13
250.15
249.69
249.45
249.73
249.27
249.07
248.71
248.33
248.80
248.65
248.58
248.52
248.46
248.61
247.68
247.40
247.37
247.16
246.98
247.26
247.15
246.86
246.90
246.94
246.77
247.24
246.69
246.00
246.30
246.17
246.16
245.89
245.94
245.73
245.80
245.33
244.92
244.99
244.48
244.31
243.87
243.73
243.64
243.47
243.02
242.46
242.26
242.34
241.26
241.09
240.57
240.36
240.54
240.02
239.65
239.68
239.37
238.81
237.85
237.79
237.48
237.28
237.20
237.10
237.03
236.56
236.53
237.02
236.85
236.45
236.13
235.91
235.83
235.94
235.56
235.09
235.10
235.08
235.34
235.19
234.89
234.86
233.99
233.87
234.01
234.13
233.69
233.49
233.52
233.10
232.56
232.50
232.05
232.33
232.06
231.68
230.95
230.97
230.83
230.76
229.87
229.76
229.68
229.70
229.56
229.24
229.45
229.43
228.90
228.75
229.04
228.73
228.35
228.36
227.64
227.56
227.19
226.45
226.03
225.94
225.12
224.90
224.86
225.27
224.60
224.41
224.08
223.57
223.83
223.05
222.41
221.99
221.80
221.76
221.54
221.22
220.98
220.80
220.70
219.79
219.45
219.28
218.51
218.87
218.75
218.49
218.10
218.25
218.06
217.80
217.68
217.09
216.98
215.97
215.83
215.88
215.60
215.25
215.04
215.07
214.90
214.75
214.63
214.04
213.16
213.34
213.25
213.15
213.23
213.04
212.34
212.29
212.31
212.02
212.11
212.11
211.70
211.08
210.79
210.30
210.07
209.49
209.72
209.41
209.39
208.75
208.63
208.59
208.16
208.34
207.76
207.49
206.73
206.13
206.01
205.73
205.65
205.14
204.82
204.71
204.55
204.56
204.45
203.91
203.91
203.80
203.45
203.03
203.28
203.34
202.78
202.42
202.64
202.27
202.39
202.40
202.15
201.74
201.61
201.28
200.69
200.94
200.66
200.65
200.33
199.76
200.14
200.00
199.88
199.75
199.88
198.97
198.58
198.66
198.00
197.82
197.54
196.98
196.68
196.49
196.27
196.17
196.01
195.60
195.48
195.26
194.87
195.03
194.74
194.58
194.10
193.64
193.17
193.04
193.25
193.39
193.44
193.06
192.89
192.99
192.83
192.44
192.10
192.27
192.12
192.31
192.61
192.36
191.61
191.85
191.24
190.89
190.93
190.95
191.30
190.75
190.27
189.88
189.43
189.20
189.05
189.48
188.77
188.84
188.68
188.84
188.66
187.90
187.58
187.16
186.33
186.15
185.13
184.85
184.92
184.69
184.03
183.75
183.56
183.48
182.98
182.90
182.72
182.14
181.97
181.47
181.60
181.33
180.94
180.86
180.46
180.11
180.03
179.78
179.00
179.00
178.87
178.52
178.05
177.93
177.96
178.02
177.71
177.58
176.96
177.12
177.04
176.22
175.65
175.76
175.61
175.12
174.78
174.88
174.74
174.14
174.06
174.42
174.27
173.75
173.34
172.50
172.34
172.24
171.68
171.91
171.30
171.18
171.18
170.84
170.49
170.21
170.00
169.67
168.81
168.85
168.77
168.10
167.55
167.91
167.81
167.48
167.12
167.04
166.96
166.70
166.24
166.05
165.66
165.64
165.61
165.12
164.87
164.88
164.65
164.16
164.29
163.85
163.41
163.46
163.53
162.98
162.46
162.39
162.27
162.11
162.02
161.59
161.33
160.81
160.45
160.03
160.27
160.26
160.04
160.14
160.07
159.94
159.58
159.10
159.16
159.09
158.62
157.99
158.11
157.35
157.25
156.74
156.42
156.18
156.48
156.10
155.46
155.78
155.92
155.83
155.16
154.75
154.73
154.89
154.76
154.91
154.45
154.30
154.35
154.13
153.98
153.52
153.36
153.20
153.10
152.80
152.43
152.74
152.02
152.10
151.92
151.59
151.41
151.89
151.22
151.08
151.17
150.66
150.58
150.08
149.95
149.83
149.62
149.31
149.57
149.53
148.59
148.77
148.92
148.64
148.37
148.16
147.81
147.81
147.77
147.43
147.40
146.96
146.51
145.91
145.84
145.85
145.57
145.39
145.40
145.34
145.23
144.40
144.44
144.16
144.14
143.88
144.00
143.76
143.79
143.07
142.56
142.62
142.48
142.43
142.84
142.30
141.70
141.18
141.66
141.51
140.99
140.71
140.35
139.92
140.12
140.15
139.64
139.80
139.43
139.55
139.42
138.61
138.53
138.83
138.50
138.23
137.89
138.00
137.77
137.48
136.85
137.03
136.88
136.71
135.84
135.10
134.63
134.66
134.88
134.60
133.83
133.06
132.95
132.56
132.54
131.83
131.65
131.38
130.78
130.34
129.66
129.50
129.20
128.41
127.83
128.03
127.77
127.86
127.16
127.14
126.74
126.14
125.95
126.17
125.59
125.51
125.66
125.34
125.59
125.32
124.54
123.63
123.89
123.60
123.16
123.47
123.43
122.83
122.41
122.48
122.16
121.58
121.65
121.44
121.39
120.84
121.41
120.59
120.24
120.72
120.30
119.99
119.66
119.51
118.96
119.14
118.46
118.76
118.93
118.40
118.21
118.28
117.79
117.37
117.27
116.94
116.97
116.63
116.54
116.66
116.46
116.28
115.87
115.29
115.09
114.20
114.01
114.00
113.94
113.71
113.24
113.35
113.28
112.85
113.21
112.41
112.55
112.30
112.10
111.50
111.14
111.32
110.77
110.69
110.63
110.88
110.71
110.27
109.81
109.13
108.80
108.67
108.66
108.67
108.19
108.03
107.69
107.61
106.61
106.60
106.96
107.16
107.11
107.18
106.75
107.07
106.90
106.86
106.45
106.05
106.41
105.62
104.94
104.92
104.36
104.66
104.56
104.65
104.93
104.29
104.14
103.87
103.74
103.43
103.41
102.95
102.53
102.61
102.25
102.14
101.65
101.60
100.85
100.53
100.36
100.72
100.70
100.27
100.37
99.75
100.04
99.53
99.29
98.88
98.34
98.16
98.00
98.17
97.29
97.12
96.39
96.43
96.34
96.17
95.76
94.97
95.18
95.01
94.81
94.66
94.40
94.08
94.28
93.68
93.40
93.07
93.06
92.76
93.07
92.38
91.86
92.10
92.01
91.60
91.29
90.90
90.57
90.43
90.49
89.97
90.04
89.69
89.59
89.49
89.57
89.49
89.22
89.23
88.75
88.66
88.64
88.06
88.36
88.04
87.50
87.64
87.41
87.13
86.63
86.86
86.48
86.41
85.86
85.64
85.63
85.31
85.33
84.69
84.56
84.80
84.61
84.05
83.91
83.93
83.86
83.59
83.26
82.91
82.64
82.18
81.64
81.62
81.37
81.14
81.23
81.11
81.16
80.88
80.65
80.31
80.10
79.86
80.05
79.91
79.71
79.42
79.59
79.55
79.48
79.23
79.42
78.88
79.23
78.41
78.43
78.28
77.95
78.10
77.87
77.86
77.40
77.47
77.08
76.84
76.55
76.63
76.58
76.55
76.63
76.27
75.87
75.46
75.33
75.06
75.04
74.83
74.60
75.05
75.32
74.46
74.85
74.35
74.51
74.28
73.10
73.35
73.30
73.16
72.74
72.49
72.32
71.69
70.79
70.64
69.88
70.49
70.49
70.07
69.66
69.67
69.35
69.03
68.45
68.31
68.34
67.91
67.68
67.40
67.06
67.46
66.88
66.31
66.13
65.59
65.45
64.94
64.35
64.19
64.69
64.50
64.21
64.43
64.79
61.50
63.02
60.35
58.79
57.27
56.57
55.71
55.11
54.56
54.76
54.88
54.82
54.60
54.33
54.14
53.82
53.29
53.60
53.40
53.30
52.87
52.43
52.36
51.98
51.23
51.11
51.17
50.94
50.83
50.58
50.16
49.72
49.71
50.22
50.22
49.96
49.79
49.23
49.29
48.93
48.56
48.61
47.85
48.20
48.14
48.17
48.00
47.34
47.69
47.67
47.07
47.00
47.04
46.50
46.76
45.99
46.00
45.41
45.10
44.57
44.26
44.00
43.69
43.78
42.81
42.68
42.49
42.37
41.72
41.73
41.24
41.19
40.59
40.12
40.21
40.16
40.33
39.84
39.55
39.14
38.54
38.44
38.09
37.56
37.59
37.23
36.74
36.82
36.86
36.56
36.10
35.98
35.47
35.87
35.59
35.30
35.44
35.12
35.03
34.70
34.47
34.50
33.98
33.97
33.50
33.37
32.77
32.39
32.21
32.27
32.39
32.02
32.40
31.78
31.45
34.36
33.27
35.62
33.45
32.23
31.64
33.76
31.95
30.57
32.90
34.04
35.09
35.39
35.48
35.48
35.42
32.31
33.16
33.42
33.51
33.67
33.46
33.74
33.57
33.08
32.82
32.68
32.63
32.01
31.71
31.66
31.62
31.48
31.19
30.97
30.18
26.73
27.98
25.35
27.08
28.00
25.73
26.64
27.14
24.74
26.47
24.15
25.57
26.10
26.57
26.69
27.26
27.00
26.85
26.73
23.57
24.44
24.97
25.45
25.94
25.87
22.61
23.41
23.86
24.72
24.94
24.62
24.70
24.37
24.50
24.33
23.56
23.47
22.86
22.45
22.36
21.90
21.63
21.34
21.16
21.02
20.43
20.45
20.43
20.07
19.58
19.45
19.40
19.27
18.97
18.37
17.93
17.67
17.85
17.97
17.74
17.00
16.89
16.69
16.70
16.42
16.10
16.21
15.99
15.88
15.66
15.33
14.87
15.11
14.96
14.70
14.30
14.12
13.82
14.11
13.63
13.68
13.74
12.97
12.93
12.37
12.33
11.87
11.76
11.33
11.64
11.60
11.65
11.58
11.55
10.96
10.65
10.83
10.63
10.14
10.34
10.00
9.72
9.45
9.06
9.01
8.00
7.85
7.50
7.14
7.21
6.47
5.74
5.80
5.44
5.40
5.39
5.20
4.93
4.74
4.32
4.10
3.95
3.88
3.78
3.22
3.00
2.99
2.50
1.77
1.70
1.49
1.33
1.50
1.44
1.21
1.33
0.59
0.41
0.24
0.20
0.20
0.02
-0.07
0.08
-0.03
-0.24
-0.30
-0.88
-1.22
-1.45
-1.85
-1.85
-2.02
-2.28
-2.82
-2.90
-3.26
-2.99
-3.54
-3.81
-3.80
-4.23
-4.64
-4.39
-4.30
-4.65
-4.67
-5.05
-5.13
-5.81
-6.43
-6.64
-6.97
-7.19
-7.66
-7.56
-7.95
-8.29
-8.27
-8.24
-8.73
-8.90
-9.11
-9.13
-9.63
-10.12
-10.35
-10.65
-10.97
-11.04
-10.90
-11.24
-11.82
-11.82
-12.20
-12.39
-12.03
-12.08
-12.67
-12.96
-12.85
-13.52
-14.26
-14.25
-14.49
-14.70
-14.76
-14.73
-14.58
-15.01
-15.45
-15.58
-15.49
-15.60
-15.78
-16.23
-16.31
-16.38
-16.20
-16.62
-17.14
-17.68
-17.76
-17.71
-17.87
-17.97
-18.23
-18.27
-18.56
-18.95
-19.06
-19.43
-19.24
-19.27
-19.54
-19.62
-19.86
-20.52
-20.74
-20.80
-20.97
-21.59
-21.58
-22.22
-22.25
-22.82
-23.29
-23.85
-24.00
-24.13
-24.69
-25.23
-25.41
-26.31
-26.50
-26.65
-27.06
-27.27
-27.65
-27.64
-28.22
-28.81
-28.90
-28.86
-29.19
-29.80
-29.45
-30.14
-30.10
-30.37
-30.47
-31.07
-31.27
-31.19
-31.46
-32.06
-32.08
-32.09
-32.29
-32.70
-32.62
-33.50
-33.65
-32.98
-33.70
-33.51
-33.89
-34.46
-34.28
-34.39
-34.24
-31.35
-33.36
-34.42
-34.72
-35.14
-32.56
-31.08
-30.23
-29.16
-29.28
-29.01
-29.07
-32.72
-31.80
-31.18
-31.33
-31.07
-31.11
-31.29
-31.56
-31.91
-32.16
-35.84
-34.78
-37.56
-36.29
-38.81
-37.68
-36.48
-36.30
-36.19
-36.09
-36.64
-36.78
-40.12
-39.08
-38.91
-38.64
-38.18
-40.96
-43.47
-41.78
-40.71
-40.05
-40.19
-43.07
-45.24
-43.87
-43.15
-45.39
-46.82
-44.30
-43.19
-45.48
-47.27
-44.82
-46.56
-48.12
-48.93
-49.48
-50.21
-50.48
-50.83
-51.46
-51.35
-51.74
-51.79
-51.77
-49.10
-50.32
-51.06
-52.35
-52.27
-52.49
-52.83
-53.28
-53.17
-53.95
-54.37
-54.46
-54.81
-54.74
-54.97
-54.98
-55.07
-55.27
-55.74
-56.08
-56.87
-56.51
-56.63
-56.81
-57.19
-56.95
-57.09
-57.28
-57.27
-57.61
-58.01
-58.49
-58.75
-58.82
-58.81
-58.77
-58.39
-59.40
-59.88
-59.70
-59.40
-60.24
-59.80
-60.55
-60.52
-60.31
-61.24
-61.24
-61.54
-61.94
-62.39
-62.87
-62.90
-63.30
-62.98
-63.07
-63.39
-63.80
-63.76
-63.69
-64.46
-64.70
-65.04
-65.30
-65.14
-65.23
-65.81
-65.76
-65.83
-65.89
-66.06
-66.49
-66.61
-66.93
-67.29
-66.80
-67.02
-67.35
-67.75
-67.52
-67.60
-67.84
-68.32
-68.40
-68.55
-68.93
-69.11
-69.20
-68.85
-69.52
-69.78
-70.38
-70.37
-70.46
-70.81
-70.84
-70.80
-70.88
-71.22
-71.33
-68.45
-70.18
-71.22
-71.50
-69.34
-70.91
-72.36
-73.18
-73.82
-74.26
-71.14
-72.52
-73.86
-75.07
-75.63
-72.95
-71.39
-74.00
-71.93
-70.80
-70.59
-70.03
-70.10
-70.56
-71.00
-70.59
-71.11
-71.44
-71.53
-71.99
-71.93
-72.13
-72.10
-71.84
-72.33
-71.98
-72.13
-72.35
-72.54
-72.64
-73.21
-73.44
-73.46
-74.04
-74.49
-74.56
-74.57
-74.13
-74.63
-74.89
-75.08
-75.53
-75.78
-75.98
-76.64
-77.05
-77.30
-77.42
-77.42
-77.61
-77.76
-78.29
-78.09
-78.68
-78.72
-78.88
-79.64
-79.75
-80.10
-80.64
-80.68
-80.96
-80.96
-81.29
-81.52
-81.75
-80.86
-80.56
-81.57
-81.95
-81.89
-82.07
-82.78
-82.31
-82.67
-82.79
-82.20
-82.52
-82.54
-83.03
-83.28
-86.76
-85.67
-84.37
-83.89
-83.67
-83.40
-83.95
-83.76
-84.24
-87.20
-85.42
-85.15
-84.95
-85.27
-88.24
-87.19
-86.57
-86.89
-89.86
-88.35
-87.17
-86.30
-86.30
-86.33
-89.84
-91.93
-93.45
-94.66
-92.04
-93.83
-91.95
-94.15
-96.04
-93.97
-96.20
-94.31
-93.16
-93.03
-95.77
-94.95
-97.29
-96.11
-94.72
-94.05
-94.21
-93.83
-93.88
-94.65
-94.57
-94.86
-94.72
-94.69
-95.02
-94.83
-95.04
-95.06
-95.57
-95.93
-96.40
-96.25
-96.64
-96.82
-96.96
-97.18
-97.74
-97.98
-98.44
-98.59
-98.64
-98.92
-99.48
-99.50
-99.83
-100.58
-101.36
-101.38
-101.64
-102.16
-102.14
-102.00
-102.52
-102.93
-103.20
-103.87
-103.57
-103.85
-104.35
-104.58
-104.88
-105.17
-105.57
-105.57
-105.63
-105.78
-106.13
-106.08
-106.51
-106.66
-107.07
-106.91
-107.26
-107.79
-108.15
-108.39
-109.01
-109.15
-108.82
-108.80
-109.05
-108.89
-108.87
-108.54
-108.88
-108.86
-109.03
-109.33
-109.60
-109.85
-109.83
-110.51
-110.30
-110.48
-110.93
-111.32
-111.83
-111.67
-111.75
-112.36
-112.81
-112.47
-112.77
-113.34
-113.60
-113.94
-114.54
-114.39
-114.72
-114.60
-115.63
-115.66
-116.28
-116.38
-116.63
-116.88
-116.97
-117.35
-117.96
-118.27
-118.70
-118.64
-118.81
-119.31
-119.82
-119.88
-119.65
-119.78
-120.14
-120.54
-120.94
-121.31
-121.42
-121.45
-121.47
-121.73
-121.13
-121.36
-121.90
-122.02
-122.48
-122.45
-122.96
-123.29
-123.57
-123.71
-123.76
-123.64
-123.72
-124.39
-124.74
-125.02
-125.34
-125.67
-125.61
-125.68
-125.85
-126.32
-126.42
-126.53
-126.67
-127.02
-127.37
-127.52
-127.59
-127.13
-127.18
-127.67
-128.07
-128.23
-128.84
-128.46
-128.82
-129.01
-129.21
-129.13
-129.49
-129.38
-129.98
-130.14
-130.10
-130.25
-130.49
-130.67
-130.66
-130.79
-131.07
-131.08
-131.65
-132.28
-132.88
-132.70
-133.00
-133.06
-133.49
-134.34
-134.04
-134.27
-134.62
-135.00
-135.31
-135.27
-135.32
-135.95
-136.35
-136.82
-136.81
-137.15
-138.08
-138.24
-138.62
-138.66
-139.01
-139.23
-139.84
-139.82
-140.09
-140.70
-140.63
-140.79
-140.62
-140.67
-141.20
-141.55
-141.86
-142.55
-142.74
-142.62
-142.81
-143.37
-143.27
-143.57
-143.71
-144.16
-144.24
-144.55
-145.04
-145.25
-145.71
-145.95
-146.11
-146.65
-146.57
-147.16
-147.00
-146.99
-147.21
-147.35
-147.88
-148.56
-148.60
-148.57
-149.07
-149.03
-149.79
-149.43
-149.43
-149.70
-150.19
-150.64
-151.11
-150.91
-151.31
-151.17
-151.17
-151.86
-151.84
-152.42
-152.66
-152.50
-152.72
-153.13
-153.34
-153.69
-153.99
-154.46
-154.63
-154.88
-154.84
-154.86
-155.31
-155.53
-155.75
-156.19
-156.51
-156.47
-156.32
-156.68
-156.94
-156.94
-157.05
-157.14
-157.36
-157.51
-158.09
-158.41
-158.64
-158.68
-159.34
-159.56
-159.68
-160.04
-159.65
-159.51
-159.45
-160.04
-160.19
-160.77
-161.23
-161.07
-161.56
-161.64
-161.65
-161.92
-162.67
-163.41
-163.37
-163.49
-163.67
-163.60
-163.96
-164.27
-164.37
-164.68
-164.62
-164.43
-165.01
-165.09
-165.19
-165.11
-165.61
-165.51
-166.18
-166.21
-166.17
-165.97
-166.08
-166.18
-166.54
-166.70
-167.04
-167.31
-167.65
-168.11
-168.57
-168.45
-168.90
-169.57
-169.84
-169.78
-169.26
-169.60
-169.79
-169.62
-169.48
-170.17
-170.09
-170.92
-171.68
-171.81
-172.25
-172.03
-172.01
-172.45
-172.86
-172.68
-172.88
-173.29
-173.77
-174.05
-174.30
-174.52
-175.11
-175.00
-175.10
-175.16
-175.32
-176.02
-176.11
-176.24
-176.18
-176.37
-176.76
-176.86
-177.06
-177.15
-177.38
-177.94
-178.08
-179.00
-179.20
-178.97
-179.59
-179.90
-180.10
-180.43
-180.46
-180.55
-180.49
-180.33
-180.16
-180.77
-181.05
-181.23
-181.03
-181.20
-181.57
-181.81
-182.41
-182.81
-182.86
-182.98
-183.33
-183.46
-183.94
-183.94
-184.43
-184.16
-184.42
-183.95
-183.89
-184.30
-184.47
-184.52
-184.75
-184.90
-185.42
-185.40
-185.59
-185.98
-186.30
-186.19
-186.53
-186.87
-186.80
-187.25
-187.48
-188.07
-187.89
-188.40
-188.65
-188.55
-188.99
-189.28
-189.25
-189.42
-189.52
-189.52
-189.51
-189.83
-190.12
-190.35
-190.53
-190.85
-191.36
-191.53
-191.91
-192.11
-192.12
-191.87
-192.51
-192.66
-192.56
-192.94
-193.29
-193.68
-193.98
-193.93
-223.51
-214.12
-206.88
-202.21
-199.95
-198.58
-197.34
-196.63
-196.49
-195.88
-195.49
-195.92
-195.53
-195.38
-194.87
-195.54
-195.25
-195.31
-195.64
-195.61
-195.37
-195.60
-195.59
-195.66
-195.74
-195.84
-196.03
-196.23
-196.27
-196.29
-196.58
-196.46
-196.21
-196.67
-196.40
-196.85
-197.16
-196.85
-196.62
-197.10
-197.30
-197.17
-197.26
-197.37
-197.53
-197.83
-198.07
-197.67
-197.59
-197.52
-197.72
-197.64
-198.03
-197.83
-197.52
-197.58
-197.58
-197.90
-197.90
-198.08
-197.94
-197.92
-197.90
-197.95
-197.84
-197.97
-198.21
-197.98
-198.01
-198.07
-198.06
-198.53
-198.86
-198.67
-198.74
-199.03
-199.27
-199.50
-199.25
-198.89
-198.76
-198.67
-198.39
-198.38
-198.65
-198.59
-198.95
-198.83
-198.75
-198.89
-199.07
-199.33
-199.27
-199.08
-199.13
-198.79
-199.17
-199.24
-198.93
-199.35
-199.43
-199.78
-199.11
-199.22
-199.20
-199.59
-198.79
-197.79
-197.31
-196.72
-196.24
-196.38
-196.14
-195.67
-195.36
-195.17
-194.99
-195.27
-194.91
-194.88
-194.61
-194.25
-194.33
-194.18
-193.93
-194.32
-194.38
-194.48
-194.35
-194.73
-194.39
-194.02
-193.96
-193.66
-193.29
-193.76
-194.01
-193.87
-193.95
-193.45
-193.46
-193.57
-193.27
-193.35
-193.76
-193.42
-193.49
-193.77
-193.90
-194.02
-193.78
-193.99
-194.15
-193.95
-193.67
-193.99
-193.51
-193.47
-193.96
-194.25
-194.29
-194.21
-194.17
-194.26
-193.92
-193.89
-194.15
-194.11
-194.10
-194.30
-194.20
-194.35
-194.30
-194.41
-194.04
-193.96
-194.53
-194.26
-194.20
-194.37
-194.26
-193.91
-193.61
-193.23
-193.69
-193.83
-193.52
-193.62
-193.42
-193.17
-193.20
-193.25
-193.70
-193.84
-193.91
-194.45
-194.93
-194.22
-194.21
-194.10
-194.15
-194.33
-194.14
-194.32
-194.33
-194.49
-194.15
-194.45
-194.31
-194.01
-194.01
-193.96
-193.71
-193.66
-193.61
-193.75
-193.99
-194.11
-193.96
-194.36
-194.46
-194.25
-193.94
-193.93
-194.25
-194.14
-194.31
-194.21
-194.42
-194.32
-194.15
-193.83
-194.17
-194.19
-194.10
-194.22
-194.76
-194.75
-194.51
-194.35
-194.51
-194.43
-194.70
-194.65
-194.75
-194.69
-194.62
-194.70
-194.98
-194.77
-194.70
-194.92
-194.56
-194.63
-194.42
-194.61
-194.54
-194.91
-194.81
-195.03
-195.15
-194.92
-194.83
-194.59
-194.65
-194.63
-194.72
-194.41
-194.85
-194.61
-194.59
-194.85
-194.87
-194.89
-194.56
-195.03
-195.28
-195.32
-195.26
-195.00
-195.35
-195.01
-195.09
-195.13
-195.21
-195.03
-195.28
-195.27
-195.33
-195.23
-195.31
-194.92
-195.17
-195.05
-194.98
-194.94
-194.91
-195.03
-194.98
-195.13
-195.13
-195.48
-194.99
-194.99
-195.46
-195.68
-195.34
-195.11
-195.28
-195.97
-195.57
-195.39
-195.22
-195.35
-195.34
-195.56
-195.42
-195.37
-195.41
-195.63
-195.50
-195.77
-195.95
-195.58
-195.23
-195.42
-195.37
-195.01
-195.22
-195.62
-195.30
-195.30
-195.43
-195.69
-195.92
-195.79
-195.56
-195.62
-195.32
-195.50
-195.75
-195.45
-195.37
-195.47
-195.74
-195.70
-195.97
-195.96
-195.61
-195.72
-195.60
-195.57
-195.94
-195.94
-195.72
-195.69
-195.78
-195.89
-195.95
-195.89
-196.04
-195.96
-196.22
-196.02
-196.29
-195.99
-196.02
-196.20
-196.32
-196.13
-196.24
-196.07
-195.74
-196.15
-195.93
-196.20
-196.24
-196.69
-196.69
-196.36
-196.23
-196.26
-196.87
-196.54
-196.42
-196.88
-196.73
-196.42
-196.40
-196.65
-196.37
-196.33
-196.50
-196.46
-196.87
-196.79
-196.81
-196.99
-196.83
-196.76
-196.37
-196.79
-196.90
-196.57
-196.41
-196.54
-196.52
-196.66
-196.70
-196.81
-196.52
-196.68
-197.01
-196.67
-196.10
-196.57
-197.07
-196.76
-196.69
-196.79
-196.89
-196.41
-196.71
-196.67
-196.73
-196.91
-196.88
-197.03
-197.22
-196.98
-197.38
-197.38
-197.04
-197.01
-196.87
-196.77
-196.57
-196.60
-196.89
-196.84
-197.19
-196.77
-196.84
-196.94
-197.01
-196.97
-196.81
-197.20
-197.56
-197.85
-198.00
-197.69
-197.67
-197.87
-198.26
-198.32
-197.86
-197.85
-197.87
-198.26
-198.38
-198.73
-198.63
-199.04
-198.69
-198.93
-198.82
-199.13
-199.34
-199.63
-199.43
-199.83
-199.39
-199.67
-199.55
-199.25
-199.09
-199.56
-199.95
-199.95
-199.87
-199.45
-199.36
-199.78
-199.86
-199.62
-200.25
-200.22
-200.02
-200.23
-200.27
-200.74
-201.12
-201.27
-200.96
-201.15
-201.20
-201.73
-201.47
-201.66
-201.64
-202.13
-202.26
-202.33
-202.03
-202.32
-202.16
-199.34
-197.51
-199.46
-200.60
-197.84
-196.17
-195.81
-195.42
-195.55
-195.92
-195.43
-195.74
-195.78
-195.81
-195.91
-195.73
-195.67
-195.71
-195.59
-195.58
-195.96
-195.89
-192.84
-194.34
-191.66
-189.71
-189.36
-189.03
-188.82
-188.50
-188.72
-188.82
-188.91
-188.73
-188.74
-188.54
-189.03
-189.46
-189.50
-189.46
-189.75
-189.56
-189.76
-189.58
-189.57
-189.84
-189.88
-189.68
-189.99
-189.97
-190.32
-190.26
-190.62
-190.64
-190.68
-190.87
-191.11
-190.95
-191.24
-191.60
-191.92
-192.16
-192.18
-192.02
-191.90
-192.20
-191.69
-191.87
-192.08
-192.34
-192.72
-192.91
-192.68
-192.67
-193.12
-192.72
-192.81
-192.93
-192.87
-193.27
-193.01
-193.69
-193.56
-193.79
-193.53
-193.77
-193.55
-193.80
-193.90
-194.01
-194.25
-194.76
-194.68
-194.37
-194.46
-194.73
-194.63
-194.71
-195.09
-195.40
-195.25
-195.40
-195.30
-195.54
-195.67
-195.69
-195.71
-196.24
-196.12
-196.19
-196.06
-196.44
-196.30
-196.58
-196.61
-196.85
-196.90
-196.90
-197.21
-197.13
-197.13
-197.12
-197.33
-197.39
-197.29
-197.29
-197.55
-197.78
-197.46
-197.57
-197.71
-198.28
-198.35
-198.56
-198.68
-198.82
-198.89
-198.92
-198.83
-199.28
-199.56
-199.56
-199.84
-199.19
-199.40
